geneId
100101266
100128108
100132403
100133005
100133920
100134317
100169754
100169758
100169764
100169766
100169767
100190939
100271927
100288687
100288695
100288778
100289097
100302281
100313839
100313841
100422863
100500862
100529144
100616184
10071
100847072
100874033
100996335
101060233
101060684
10156
101927050
101927209
101927278
101927333
101927506
101927512
101927602
101927801
101928173
101928626
101928679
101929059
101929557
101929715
101929823
101930100
101930420
102723316
102723376
102723390
102723448
102723475
102723552
102723590
102723769
102723780
102723842
102724200
102724523
102724848
102724875
102724904
103504727
103504731
103504733
103504739
10428
104355135
105369266
105369584
105371175
105371206
105371508
105372345
105372647
105372705
105372716
105373629
105374602
105374618
105374873
105375313
105375414
105375602
105375613
105375746
105375747
105376156
105376781
105377448
105377614
105378267
105378597
105378598
105379202
105379273
105379397
105379418
105379428
105379493
105379516
10589
106029310
106480334
10791
107984006
107984037
107984469
107984750
107985194
107985433
107986333
107986343
107987001
107987246
108783645
1104
11077
112488736
112488737
112488738
112488745
11252
114907
115827
116987
119749
121793
123706542
124149
124188214
124900733
124900838
124901040
124901244
124901287
124901336
124901467
124901766
124901826
124901971
124902074
124903085
124903333
124903573
124903955
124904087
124904098
124904135
124904137
124904140
124904141
124904142
124904145
124904391
124904436
124904967
124904968
124904989
124904992
124905136
124905168
124905300
124935
126961
128312
1284
130512932
133418
147912
147929
149992
1527
153579
153768
154091
154449
1627
164045
1793
1984
200205
200734
203259
219771
23040
23142
23174
23199
23214
23396
23499
23527
245929
255031
25771
26080
26093
2652
26696
267002
26851
26953
27063
2774
2821
282973
284124
284412
284942
2972
3017
302
3039
3091
3191
3201
3300
333932
3340
340260
3475
348980
3570
3662
3732
375719
388759
389652
389840
391746
391747
3955
399746
400533
400555
401074
401164
4018
417
440153
440584
440888
441058
441425
441581
442454
445571
448831
4582
467
4811
4967
50861
51224
51280
51428
51474
5298
5358
541471
5493
55062
55100
55344
55370
554313
55785
55790
5627
56977
57706
5795
58499
6093
6339
6397
642633
644649
644669
646066
646103
646813
647121
647476
647589
64981
650226
65065
653550
654342
654499
677784
6822
6845
693219
7013
7045
7150
7151
7179
727758
727856
727905
728034
728458
729240
729515
7434
7789
780852
780854
79157
80201
80256
81
81603
81704
8237
8294
8329
8364
8367
8370
8404
84318
8438
84435
8447
84552
84665
84981
85319
85441
8553
8725
8784
88
8853
8970
9319
94122
9535
96626
9911
