geneId
100101266
100128108
100134317
100147744
100288687
100289097
100302281
100422956
100500862
100505783
10071
100847062
100874033
101060233
101927050
101927209
101927278
101927851
101928626
101928679
101929823
101930420
101954266
101954277
102723376
102723448
102723842
102724523
102724875
102724904
103504727
103504731
103504733
103504739
105369266
105371175
105371206
105372345
105374602
105374873
105375313
105375613
105375746
105375937
105377614
105378267
105378597
105378994
105379202
105379273
105379397
105379428
105379516
106632260
107984037
107984469
107985433
108783645
112488736
119749
123706542
124149
124900838
124901336
124901714
124901826
124901971
124903333
124903573
124903955
124904012
124904098
124904135
124904436
124904967
124904968
124904996
124905168
126961
133418
147912
149992
172
1793
221935
222255
23064
245929
26080
26093
26851
26953
284412
284942
285659
2972
3340
348980
389652
389840
391747
3955
399746
400533
401164
401357
440153
440888
441581
4967
5091
51474
5358
54663
55344
554313
55697
5576
5590
5627
6093
644669
646813
647121
647589
64981
650226
65065
654342
693187
7045
7151
7179
727758
727856
727905
728034
728458
7789
80157
81603
84627
9451
