geneId
100101266
100128108
100128276
100128340
100128590
100128993
100130015
100133005
100134317
100144597
100147744
100169751
100169753
100169754
100169759
100169761
100169765
10021
100271927
100288687
100289097
100302281
100313841
100422863
100422870
100422874
100422889
100422897
100422956
100500862
100505783
100506236
100506299
100506622
100506668
100506901
100506915
100507103
100507582
100529144
100616184
100616404
100652853
10071
10072
100847062
100874033
100874123
100996307
100996637
100996643
101060233
10130
10156
101926963
101927050
101927209
101927244
101927278
101927400
101927506
101927602
101927615
101927808
101927851
101928300
101928499
101928626
101928679
101929352
101929557
101929614
101929823
101930420
101954266
101954277
102060282
10225
10227
10228
102466223
10250
102723316
102723334
102723376
102723448
102723780
102723842
102724050
102724219
102724439
102724523
102724875
102724904
102724951
102725191
103504731
103504733
103504739
10410
10411
10412
10480
10497
105369266
105369317
105369346
105369632
105369666
105369669
105369874
105369879
105370177
105370216
105370449
105370913
105371175
105371206
105371216
105371301
105371773
105371785
105372079
105372240
105372345
105372436
105372647
105373285
105373438
105373578
105374193
105374253
105374276
105374453
105374602
105374873
105375313
105375366
105375451
105375488
105375613
105375746
105375937
105376382
105377448
105377563
105377612
105377614
105377703
105378144
105378267
105378408
105378597
105378598
105378715
105378947
105378984
105378994
105379202
105379273
105379397
105379418
105379428
105379443
105379516
105379825
10564
10574
106029310
10644
10650
106632260
10687
107983993
107984006
107984037
107984132
107984358
107984469
107985433
107985681
107985868
107987001
107987246
108783645
10890
10915
10975
11141
112268209
112488736
112488738
113523638
114785
114805
116228
1184
118433
119385
119749
121391
122060
123346
123706542
124149
124773
124900838
124900964
124901157
124901253
124901287
124901336
124901467
124901528
124901809
124901810
124901826
124901971
124902649
124903085
124903236
124903333
124903573
124903766
124903955
124904012
124904098
124904135
124904140
124904436
124904652
124904967
124904968
124904996
124905168
124905300
124905962
124906066
124906189
124906381
125144
126961
128266842
128266846
128854
130512932
132565735
133418
135138
135458
140876
1432
1437
147912
149992
150677
151742
1527
153579
167555
1677
170393
172
1785
1793
1794
1838
1855
1915
1956
196394
1975
200205
200261
200424
200734
2009
2010
201254
2101
219731
2212
221442
221935
222255
22862
22905
23011
23040
23064
23093
23142
23185
23197
23252
23321
2335
23396
23475
23613
23677
245929
256764
25759
26052
26080
26093
26118
26251
26512
26824
26851
26953
2700
27072
27132
2744
2768
2821
283008
283463
283624
283643
284412
284454
284459
284739
284942
285343
285659
285768
286148
286205
286480
29
2900
29128
2916
2972
29896
29967
29994
302
3092
333932
3340
337873
338707
339123
339685
340075
343990
3475
3480
348926
348980
3693
375719
388697
3887
389652
389840
390259
391746
391747
3955
399746
400533
400710
400955
401164
401357
401509
401934
401994
4033
403323
4052
4053
406937
417
425054
4335
434
440153
440888
441058
441581
4584
4703
4773
4799
4862
4967
5026
50614
50650
5091
51133
51144
51260
51280
51422
51428
51474
51481
51496
51608
5175
5230
5328
5339
5358
54020
54221
54531
54539
54663
54729
54777
5493
55004
5504
55100
5526
55344
554313
5551
55636
55640
55653
55697
55759
5576
55777
55824
5590
55901
56254
5627
56937
56981
57132
5714
5727
57521
57522
57540
57591
57621
57655
57731
5820
58515
586
5879
5935
59350
5982
6013
6060
6093
618
6196
6311
6331
6339
641702
64225
642757
644669
646066
646813
64708
647121
647135
647589
64788
647979
649159
64924
64981
650226
65061
6510
6519
653604
6542
654342
6649
6768
677
6822
6929
693154
693187
693232
693233
7045
7050
7074
7094
7151
7179
7204
7216
727684
727758
727856
727905
728034
728458
728597
729307
729515
729597
7434
7629
767
7711
7789
7804
780852
780853
780854
7849
79007
79677
7979
79874
79999
80146
80157
80381
80727
80728
8082
81
8106
81603
81704
8237
8270
8313
83473
83639
8366
8370
83700
84254
8447
84552
84612
84627
84629
84726
84890
84909
84910
84951
8499
85235
8549
88
8848
8864
8898
8925
89797
90249
9110
91252
9149
9150
91750
9204
9229
92291
928
9354
9378
9451
949
9491
9501
9617
9618
9633
9654
9710
9785
9792
9855
9903
9939
994
995
