geneId
100101266
100101440
100128081
100128108
100129196
100130256
100131997
100132403
100134317
100147744
100190939
100288687
100289097
100302281
100422956
100499183
100500862
100505783
100506334
10071
100847062
100874033
100874137
100996485
101060233
101060391
101927050
101927209
101927278
101927305
101927565
101927780
101927801
101927851
101928626
101928679
101929715
101929823
101930100
101930420
101954266
101954277
102723316
102723376
102723413
102723448
102723475
102723552
102723842
102724354
102724485
102724523
102724848
102724875
102724904
102724951
103504727
103504731
103504733
103504739
103695431
103908604
104355135
105369266
105369536
105369584
105369711
105370108
105371175
105371206
105371215
105371361
105371986
105372345
105372556
105372587
105372616
105372647
105372705
105372712
105374287
105374394
105374602
105374618
105374624
105374873
105375313
105375613
105375746
105375747
105375937
105376781
105377436
105377486
105377614
105377635
105377731
105377916
105378267
105378597
105378850
105378994
105379109
105379189
105379202
105379273
105379397
105379418
105379428
105379516
106029310
106632260
107984006
107984037
107984322
107984361
107984362
107984469
107984750
107985433
107985868
107985890
107985911
107986540
107986620
107987013
107987106
107987246
108783645
1104
112488736
11252
11281
119749
120114
123706542
124149
124900310
124900838
124901072
124901336
124901714
124901826
124901971
124903159
124903333
124903573
124903955
124903967
124904012
124904039
124904087
124904098
124904135
124904137
124904141
124904436
124904619
124904967
124904968
124904989
124904996
124905168
124905976
124906381
124907763
124908002
124909441
124935
126961
129563
133418
1346
140738
144195
145508
147912
148545
149992
150
152687
155185
1627
163081
163742
172
1793
1838
196394
200844
2157
220064
221303
221935
222255
23064
23085
23142
23236
23315
23367
23499
245929
254225
255031
2570
257101
26080
26093
26123
26227
26229
26278
26829
26851
26953
27151
27295
2774
283303
284412
284942
285440
285636
285659
28965
2972
30011
3012
3294
3340
338707
340260
342850
347442
348980
356
3570
3732
3852
388830
389652
389840
390928
391747
3955
399746
400533
401074
401164
401247
401357
4041
440153
440584
440600
440689
440888
441581
4591
4609
4693
4811
4967
4968
5091
5100
51428
51474
51642
51735
5187
5358
541471
54663
54729
55062
55245
55344
554313
55691
55697
55717
5576
55790
55816
5590
5610
5627
5684
56984
56997
5795
5887
59352
6093
6134
619207
6389
6397
64093
642633
643338
644669
646813
647121
647476
64754
647589
64795
64981
650226
65065
65258
654342
654499
677841
6845
6850
693187
7045
7047
7150
7151
716
7179
7204
727758
727856
727905
728034
728458
729438
729759
7342
7465
7789
79725
79791
79999
80129
80157
80207
8021
80757
81603
81615
8202
8331
83473
8348
8364
83658
8367
83698
842
8425
84318
84498
84627
84777
85319
85366
85378
85461
8801
8853
8854
8892
8935
8938
8969
89797
9040
90525
9312
94234
9451
9807
984
