geneId
100048912
10007
100101118
100101266
100101267
100101440
100127206
100128108
100128253
100128340
100128993
100129196
100129213
10013
100131997
100132403
100133005
100133190
100147744
100190939
100271927
100272228
100287171
100288687
100288778
100289097
100289574
100302243
100302281
100313839
100313841
100422826
100422863
100422870
100422956
100499183
100505566
100505663
100505783
100505832
100506054
100506100
100506157
100506175
100506236
100506915
100507194
100507582
100529144
100529264
100532724
100533955
10055
100616184
100616258
100616370
100631378
10071
10078
100847062
100873920
100874033
100874067
100874261
100874300
100887750
10097
10098
100996307
100996335
100996485
100996712
101060233
101060391
101060498
10135
10155
10156
101669767
101752399
10188
101926903
101926963
101927027
101927050
101927150
101927209
101927230
101927278
101927305
101927420
101927439
101927512
101927774
101927780
101927801
101927808
101927851
101927886
101928045
101928173
101928176
101928433
101928626
101928679
101929512
101929614
101929650
101929715
101929823
101929882
101930420
101954264
101954266
102157400
10233
102465836
102465838
102466727
102467073
102467223
102467224
10272
102723316
102723376
102723413
102723448
102723552
102723842
102723878
102724117
102724127
102724224
102724354
102724485
102724517
102724523
102724539
102724589
102724594
102724691
102724904
102724945
102725191
10274
103021165
10314
10336
10347
103504727
103504731
103504733
103625681
103625684
103695431
104266960
104355135
104355152
10452
10458
10469
10488
10498
105
105369192
105369266
105369346
105369370
105369584
105370034
105370080
105370086
105370108
105370124
105370306
105370733
105371067
105371175
105371206
105371215
105371506
105371520
105371673
105371708
105371716
105371785
105371814
105371967
105371984
105371986
105372009
105372221
105372345
105372436
105372556
105372587
105372616
105372636
105372647
105372675
105372682
105372705
105372712
105373394
105373578
105373588
105373629
105373790
105374126
105374253
105374287
105374453
105374602
105374618
105374836
105374873
105375150
105375313
105375473
105375604
105375613
105375746
105375747
105375972
105376005
105376136
105376144
105376156
105376158
105376190
105376311
105376686
105376744
105376781
105377165
105377188
105377338
105377436
105377448
105377614
105377635
105377700
105377950
105378026
105378179
105378267
105378575
105378597
105378598
105378947
105378977
105378994
105379169
105379189
105379202
105379273
105379396
105379397
105379428
105379444
105379516
105379814
10572
106029310
10620
10629
10643
10644
106632260
106635684
107161159
10752
10797
107984006
107984037
107984132
107984358
107984361
107984373
107984429
107984469
107984703
107984709
107984750
107984813
107985259
107985433
107985634
107985833
107985840
107985868
107986335
107986489
107986777
107986876
107987001
107987106
107987110
107987166
107987246
107987272
108783645
10897
10913
109864279
109864281
109910381
11016
11033
1104
11068
11069
11077
11095
11100
1112
11137
11176
11202
112268030
112268070
112268184
112268235
11231
11237
112488736
11252
112703
113146
11325
113451
113622
114783
114785
114827
114841035
114907
115509
115825
115827
115948
116085
118491
118827810
119749
121009649
121793
122152323
122152331
122526779
123706542
124149
124900838
124900871
124900890
124901072
124901081
124901121
124901287
124901336
124901528
124901573
124901736
124901809
124901826
124901971
124902020
124902047
124902073
124902074
124902718
124902951
124903221
124903333
124903383
124903387
124903573
124903773
124903954
124903955
124903967
124904012
124904019
124904087
124904098
124904135
124904137
124904138
124904139
124904140
124904141
124904436
124904619
124904933
124904967
124904968
124904989
124904996
124905149
124905168
124905266
124905300
124905976
124907763
124908002
124909441
124935
124997
125228
126075
1262
126298
1265
126961
127903862
129563
129684
130512932
130557
130814
132241
133418
133522
1346
1373
137994
1385
140678
1429
144195
1453
146691
147199
147808
147912
149992
1500
150275
150472
151011
1527
153443
153478
153579
153768
155185
158035
1627
163081
163782
164045
168448
169792
170393
171523
171546
172
1725
1778
1785
1793
1808
1832
1937
1956
196394
196500
1984
199745
200205
200734
2009
201134
202559
2029
2030
2033
205717
2066
2067
2101
2157
219771
219902
220002
220032
220064
221458
221491
221935
223117
22806
22853
22929
22980
22983
22990
23012
23041
23064
23085
23086
23112
23139
23142
23152
23175
23190
23197
23233
23286
23295
23344
23362
23370
23396
23399
23426
23468
23476
23499
2353
23613
23673
23770
24
24140
24142
245929
252955
255031
256126
2570
257101
25797
259239
25953
26001
26011
26012
26061
26080
26093
26147
26160
26205
26227
26229
26280
2652
2653
26683
26696
267002
26824
26828
26832
26851
26953
27086
27151
27237
27243
27295
27303
2768
2774
2776
2783
282973
283131
283208
283303
283358
283537
283991
284029
284346
284739
284942
285440
285636
285659
285768
286006
286053
286753
2876
2880
28965
29
2900
2913
2972
2987
29942
2995
302
3039
3040
30811
3091
3157
3164
317648
3191
326625
3294
3300
3340
338442
339456
340260
340273
340591
341405
3421
342850
347442
3475
347735
348980
356
3570
3607
3632
3693
3706
3732
374786
3754
375719
375743
378938
3831
3839
384
3852
387103
388697
388759
388830
389652
389840
3909
390928
3955
399746
399844
400322
400451
400533
400555
400935
401074
401145
401164
401247
401357
401934
401994
4037
404093
4041
406937
414926
417
4194
4245
425054
4296
4329
440153
440584
440689
440888
441272
441459
441581
441639
448831
4534
4591
4609
4627
4638
4660
467
4693
4773
4811
4900
494143
4943
4967
4968
4987
50484
5054
50614
50617
5074
50813
50859
50863
5091
5094
5100
51035
51144
51226
51260
51265
51317
51319
51334
51428
51460
51474
51504
51603
51608
51629
51642
51735
5187
5230
5281
5292
5298
5329
5339
5358
5372
5395
54039
54059
541471
54205
5438
54476
54552
54663
54729
54762
54796
54826
54838
54843
54858
54938
54952
54963
54971
54998
55062
55090
55094
55100
55101
55110
55112
55147
55199
5522
55226
55245
55252
55260
5527
55270
55275
55344
55367
55559
55585
55593
55636
55651
55691
55697
55717
55722
55723
55759
5576
55785
55790
55795
55872
5590
5605
5606
56061
5627
5676
5684
56899
56913
56977
56984
56997
57095
5710
57101
5714
5717
57194
57217
57222
57406
5743
57521
57553
57611
57648
57659
57678
57706
5795
5800
5836
58492
5869
5886
5890
5893
5900
59269
59352
5947
5948
5998
60
6009
6011
60437
606
6063
60680
6093
6147
6158
619207
6196
6207
6208
6223
6261
6280
6302
6328
6339
638
6389
63898
63925
6397
64087
64094
64097
641
64109
641339
641384
642633
642636
642757
6429
643036
64324
643338
644669
645212
6455
64598
6461
646813
64710
647121
6472
647476
64754
647589
64763
64788
64795
6483
64855
64857
64901
64981
650226
6515
654342
654499
6624
6628
6641
6660
6676
6726
6728
6755
6777
677784
677837
6827
6843
6850
688
6895
6903
693187
693204
693219
693230
7023
7039
7045
7047
7050
7126
7150
7151
716
7179
7226
7247
727758
727800
727856
727905
728034
728318
728458
728609
728661
728689
729515
729759
7311
7314
7316
7342
7376
7434
7465
7466
7520
7533
7579
7580
7699
774
775
7769
7789
780852
7849
78989
79025
79142
7975
79758
7978
79791
79892
79908
79971
80004
80034
80157
80207
80256
8028
80344
80757
80777
81
81399
81603
81615
81669
81704
8178
81848
8237
8314
83259
8328
8331
83463
83481
8360
8364
83640
83658
83693
83698
83699
8379
8383
83855
83891
83999
84061
84125
84128
84174
842
84216
84223
8425
84256
84269
84288
84318
84364
84498
84552
84627
84632
84665
8473
84740
84910
85014
8517
85378
85865
8601
8615
8623
8637
8650
8663
8672
8685
8747
8784
885
8853
8854
8856
8884
8892
8935
8938
8970
89797
9024
90271
9040
9044
9052
90525
9110
9148
9167
92105
9221
92558
9319
9334
9360
94059
9412
94122
9451
9467
9479
9491
9501
9513
9524
9567
9572
9589
9686
9687
9710
9751
984
9855
9905
9906
9933
