geneId
100048912
100101266
100101267
100128108
100128124
100128276
100128340
100128590
100128675
100128993
100129794
100130015
100130231
100130331
100131997
100132403
100133005
100133204
100144596
100144597
100147744
100170841
100192378
1002
10021
100271873
100271927
100287102
100288687
100288911
100289097
100289211
100302228
100302281
100302285
100313841
100422863
100422874
100422889
100422916
100422920
100422951
100423025
100500832
100505561
100505591
100505783
100505875
100506076
100506236
100506286
100506585
100506622
100506668
100506881
100506901
100506915
100507103
100507421
100507521
100507582
100507629
100529144
100616272
100616305
100616334
100616341
100616371
100616404
100616475
100652853
10071
10079
100847062
100874033
100874118
100874261
100874300
100887754
100996637
100996643
100996694
1010
101060233
101060498
1012
10146
10156
10161
10178
101926959
101926963
101927026
101927050
101927156
101927209
101927278
101927285
101927305
101927406
101927421
101927506
101927512
101927542
101927566
101927591
101927605
101927627
101927808
101927851
101927957
101928063
101928103
101928132
101928173
101928176
101928201
101928226
101928300
101928359
101928495
101928499
101928626
101928679
101928708
101928737
101928775
101929059
101929279
101929352
101929484
101929557
101929608
101929614
101929643
101929750
101929823
101929974
101930420
101954266
10228
102465692
102466223
102546227
10260
10272
102723316
102723376
102723448
102723560
102723639
102723803
102723842
102723906
102723927
102723932
102724050
102724117
102724210
102724219
102724341
102724439
102724485
102724523
102724701
102724749
102724904
102724917
102724951
102725191
103021165
103504727
103504731
103689912
103689918
10410
10412
10443
10480
10512
10526
105369266
105369346
105369451
105369572
105369586
105369588
105369617
105369632
105369666
105369730
105369787
105369793
105369839
105369874
105369879
105369890
105369968
105369983
105370084
105370086
105370177
105370214
105370240
105370264
105370413
105370449
105370504
105370664
105370733
105370775
105370844
105371067
105371175
105371206
105371215
105371259
105371301
105371430
105371785
105371959
105371984
105372009
105372018
105372079
105372221
105372345
105372361
105372436
105372636
105372705
105372896
105372980
105373285
105373324
105373328
105373347
105373394
105373438
105373465
105373576
105373578
105373628
105373717
105373780
105373963
105373968
105374166
105374193
105374253
105374276
105374323
105374453
105374523
105374597
105374602
105374618
105374689
105374701
105374754
105374836
105374873
105375170
105375249
105375273
105375313
105375342
105375366
105375451
105375470
105375475
105375488
105375592
105375613
105375710
105375746
105375996
105376086
105376158
105376190
105376208
105376246
105376311
105376346
105376431
105376558
105376686
105376781
105377196
105377283
105377300
105377372
105377448
105377523
105377524
105377556
105377563
105377612
105377614
105377635
105377703
105377757
105377949
105378008
105378071
105378144
105378267
105378336
105378345
105378408
105378414
105378568
105378597
105378598
105378639
105378678
105378715
105378947
105378994
105379078
105379090
105379109
105379123
105379169
105379171
105379202
105379273
105379397
105379428
105379443
105379516
105379825
105463123
10564
10574
10581
10620
10641
10644
106478975
106632260
106635684
10687
107133515
10752
10785
107984027
107984037
107984132
107984325
107984375
107984469
107984642
107985225
107985242
107985433
107985486
107985676
107985681
107985868
107985934
107986050
107986082
107986405
107986602
107986605
107986639
107986770
107987001
107987083
107987246
10857
10867
108783645
10890
10915
10938
10956
109616966
109616994
109729173
10975
109864281
109910381
11004
11065
11080
11083
11100
11101
1112
11130
11141
112267899
112267986
112268209
112268449
11237
112488738
11253
113178
113201
114112
114788
114805
114885
115409987
115701
115830329
116228
116443
116987
1184
118433
118980
119385
119749
120824
121391
121793
122060
123346
1236
123706542
124149
124773
124900247
124900325
124900463
124900602
124900778
124900838
124900869
124900893
124900964
124901157
124901176
124901253
124901287
124901336
124901467
124901496
124901528
124901566
124901598
124901681
124901724
124901804
124901809
124901810
124901826
124902558
124902564
124902613
124902649
124902674
124902747
124902769
124902791
124902792
124902924
124903085
124903236
124903333
124903335
124903523
124903573
124903756
124903766
124903940
124903954
124903955
124904001
124904049
124904068
124904098
124904117
124904135
124904140
124904436
124904578
124904614
124904652
124904863
124904967
124904968
124904996
124905122
124905168
124905248
124905253
124905300
124905962
124905966
124906189
124906319
124906381
124907878
124908011
125150
125228
126075
1263
126520
126567
1282
128266846
1284
128822
128854
130512932
131873
132241
133418
133957
1346
135458
1363
138474
139105
1404
140688
140876
1432
1437
144233
144404
145195
146279
147699
147912
149041
149992
150677
150776
151742
152330
1527
152877
153478
153579
153768
157680
158055
158376
1588
164045
1643
165100
167555
1677
170393
170690
172
1740
1743
1749
1756
1785
1793
1794
1804
1838
1855
1869
1938
1956
196394
1975
1981
199990
200205
200261
200424
2009
2010
2011
201134
201254
201562
203238
2066
2101
212
2140
219
219731
22
221935
222255
2241
22821
22847
22862
22906
22982
23011
23037
23040
23060
23064
23085
23093
23097
23105
23120
23142
23152
23185
23199
23252
23306
23310
23316
23321
2335
23354
23370
23396
23405
23414
23471
23475
23514
23522
2353
23557
23562
2357
23613
23657
23677
23710
23731
23764
23770
245929
2475
2492
2535
254225
255031
2560
256764
257194
25759
25771
25820
25871
2588
25893
25906
259240
25930
2596
26019
26030
26033
26040
260425
26052
26080
26093
26118
26133
26205
26251
26289
26512
2652
26574
26696
266977
267002
2675
26824
26953
2700
27072
27087
27120
27125
27132
27245
27352
2737
2743
2744
2768
2802
2804
2821
283008
283463
283624
283643
283867
284161
284451
284739
284942
285
285045
285331
285343
285440
285441
285659
285768
286148
286205
286297
286480
286749
2887
2889
2900
29128
2916
2972
2987
29896
29943
29967
29968
29988
29994
302
3039
3040
3074
30836
3092
3099
3164
3181
324
3340
3356
3363
338004
338707
339685
339822
340075
340260
341019
342918
343521
343990
344167
346653
3475
347689
347735
3480
348180
348980
357
3607
3632
3656
3662
3670
3688
3693
3716
373
3742
374786
3773
3775
3786
378938
387036
387640
388514
388667
388697
388759
389652
389690
389840
390259
3908
3910
3915
3916
392636
392862
3955
399665
399746
399947
399959
400
400533
400555
400710
400794
401010
401074
401164
401357
401934
401994
4036
404744
4052
4053
406937
4084
4163
417
4222
425054
439921
439941
440153
440224
440387
440465
440888
441263
441581
442421
4481
448831
4528
4584
4585
4651
4653
4660
4678
4703
4729
4752
4758
4782
4799
4811
4862
4967
4987
5026
50507
5054
50614
5062
50640
50859
5091
51018
51029
51065
5108
51133
51144
51147
51199
51202
51205
51280
51308
51312
51314
51422
5144
51474
51481
51496
51504
51510
51571
51602
51608
51646
51735
5175
5230
5298
5328
53343
5339
5376
54020
54059
54363
54511
54531
54539
54602
54606
54617
54663
54680
54715
54729
54733
54749
54756
54768
54802
54850
54853
54872
54892
54897
54901
5493
54932
54978
55002
55004
55005
55022
55024
5504
55054
55062
55100
55102
55112
55129
55133
5521
55230
5526
55275
55344
55356
554201
554313
5544
5558
55636
55691
55697
55717
55722
55759
5576
5577
55777
55778
5578
55788
55843
55844
55862
5590
5594
5605
56061
56164
5618
56243
56254
5627
5641
5663
56848
56907
56937
56953
56977
56981
57101
57116
57132
5714
57153
57156
5727
5744
574507
57451
57491
57492
57521
57522
57528
57540
57580
57591
57620
57621
57623
57655
57695
577
57706
57731
57834
5792
5795
5796
5799
5820
5871
5879
5888
59350
5982
5998
60
6013
6093
6125
618
619207
6196
6279
6311
633
6331
6339
63978
64102
641384
64150
641515
64215
64225
642475
642633
642757
64319
6432
643339
643365
64359
643749
64418
64429
6444
644669
645323
646813
64708
647121
647135
6473
647589
64788
64793
64795
647979
64895
649159
64924
64981
650226
65061
65082
6513
6519
65217
6541
6542
654342
6566
65975
65979
6637
6649
6660
6676
6716
6721
6732
6745
6768
677826
6815
6860
6904
6916
6929
693135
693154
693166
693180
693187
693188
693205
693232
693233
6936
7015
7045
7074
7088
7091
7112
7151
7161
7163
7179
7204
7216
7260
727758
727856
727905
728034
728411
728458
728597
729177
729218
729238
729307
729515
7314
731424
731779
732275
7341
7373
7375
7421
7434
7534
7596
767
7789
7804
780854
79007
79015
79142
79192
79582
79658
79669
79677
79726
79729
79758
79827
79874
80070
80148
80157
8019
80204
80207
80210
80314
80381
80727
80728
8106
81704
8178
81846
820
8224
8225
8237
8270
8295
831
8312
83549
83639
8366
83696
8370
83700
83737
83858
83986
8406
84140
84256
8428
84288
84318
8447
84498
84552
8456
84612
84627
84629
84726
8473
8476
84875
84909
84910
84919
84951
8499
8503
85235
85315
85464
8549
8623
8629
8723
8725
8737
8775
88
8816
8826
8829
8863
8864
8925
8938
89797
89848
89853
90390
9092
9101
91074
91419
9150
91522
91653
9172
91750
9204
92181
9229
92291
9241
9270
92715
9319
9354
93556
9378
94150
94160
9451
9482
949
9491
9501
9525
9568
9586
960
9617
9633
9653
9654
9678
9693
970
9701
9727
9751
9758
9785
9792
9793
9816
9843
9855
9871
9892
9906
995
9991
