geneId
100101266
100126693
100128108
100128594
100128882
10013
100130231
100130361
100130967
100132288
100132403
100133005
100133920
100134317
10019
100190939
10021
10025
100287364
100288687
100288778
100288842
100289097
100289255
100302281
100313839
100313841
100422863
100422889
100422990
100422995
100500869
100505783
100505877
100505994
100506175
100506235
100506236
100506422
100507117
100507194
100507582
100507639
100528064
100529144
10058
100616194
100616214
100616251
100616381
100616464
100652824
10071
10075
100847026
100847062
100847072
100852409
100874033
100874131
100874261
100887750
100996335
100996756
101060233
101060684
101101773
10135
10147
10149
10162
101926888
101926963
101927021
101927027
101927045
101927050
101927082
101927196
101927209
101927278
101927305
101927406
101927436
101927506
101927512
101927556
101927801
101928001
101928173
101928248
101928264
101928403
101928496
101928626
101928679
101928708
101928817
101928820
101929059
101929127
101929448
101929512
101929557
101929596
101929692
101929694
101929715
101929823
101930100
101930420
10215
10272
102723316
102723334
102723376
102723448
102723487
102723512
102723590
102723769
102723842
102723872
102723878
102723883
102723904
102724081
102724150
102724200
102724523
102724627
102724691
102724820
102724875
102724904
102725191
102725193
102725220
10277
103021165
10320
103504727
103504731
103504733
103504737
103504739
10397
104355135
10452
105
105369147
105369266
105369370
105369584
105369586
105369632
105369777
105369842
105370086
105370109
105370224
105370364
105370449
105370604
105370773
105371175
105371206
105371216
105371508
105371657
105371785
105371959
105371984
105372345
105372647
105372683
105372705
105372790
105372988
105373105
105373406
105373537
105373578
105373629
105373633
105373696
105373786
105373933
105373940
105374243
105374308
105374374
105374453
105374455
105374602
105374618
105374624
105374777
105374873
105375077
105375215
105375301
105375313
105375336
105375602
105375613
105375746
105375747
105375937
105376156
105376223
105376323
105376714
105376755
105376781
105377196
105377247
105377254
105377289
105377448
105377614
105377621
105377635
105377922
105378126
105378144
105378267
105378597
105378598
105378604
105378947
105378956
105378994
105379189
105379193
105379202
105379273
105379397
105379418
105379428
105379442
105379516
105379675
10581
106029310
106144537
10644
10657
106632260
106635684
10791
107984006
107984037
107984132
107984242
107984345
107984469
107984750
107985282
107985433
107985634
107985666
107985808
107985840
107985856
107985969
107986333
107986383
107986676
107986972
107987001
107987246
107987272
10814
108783645
1088
10897
10914
10946
10956
109729164
109864279
109864281
10989
109910381
11018
11033
110599588
11077
110806277
111216275
11176
112268090
11237
112488736
112488738
112488745
11252
11275
114815
115825
115827
115830329
116085
116987
119749
120
120114
120766150
120824
121009649
121793
123258399
123706524
123706542
124044
124149
1244
124900324
124900539
124900733
124900838
124901023
124901065
124901072
124901104
124901121
124901157
124901165
124901244
124901253
124901287
124901290
124901336
124901604
124901617
124901663
124901674
124901714
124901740
124901766
124901785
124901826
124901971
124902036
124902074
124902110
124902391
124902468
124902513
124902558
124902771
124903025
124903085
124903275
124903319
124903333
124903573
124903883
124903955
124904076
124904098
124904117
124904122
124904135
124904137
124904138
124904146
124904192
124904246
124904436
124904538
124904557
124904613
124904790
124904967
124904968
124904992
124904997
124905119
124905136
124905149
124905168
124905300
124906022
124906145
124907745
124907756
124907824
124907909
124908002
124909338
124935
125150
125206
126075
126133
127138864
128266846
129684
130512932
131034
133418
135458
140678
140679
140775
1408
1432
143884
144404
145195
145482
147872
147912
147929
1499
149992
151056
1523
1527
153579
153768
154449
1572
158376
160313
1607
1613
1627
164045
169792
172
1740
1770
1778
1793
196051
1962
196410
1968
1984
200205
200734
201164
201283
201305
202559
208
2101
2113
219771
221178
221935
222068
222865
22806
22994
23040
23085
2309
23093
2310
23139
23142
23174
23199
23263
23295
23370
23386
23396
23399
23476
23499
23527
23533
23657
23670
245812
245929
246721
2512
252955
254268
255031
2560
256380
25771
25896
25932
26010
26031
26061
26080
26093
26258
2652
26610
266655
26696
267002
267010
26828
26851
26953
27020
27063
27076
27086
27120
27132
27178
27335
2737
27434
2774
2802
2821
2829
2837
283887
283953
283991
284029
284114
284124
284325
284339
284353
284412
284739
284942
285190
285440
285441
285636
285659
285679
286753
29
29035
29086
2972
2976
2987
29895
29946
29988
29994
302
3039
3040
3091
3159
3162
3178
3191
3274
3300
333932
3340
338755
339400
339742
340073
340260
341276
341405
3417
3421
343521
344167
3475
347516
347735
348980
353189
3570
3607
3633
3642
3661
3662
3706
3732
3754
375719
3777
378805
378938
3797
3853
387
387841
388759
389652
389690
389840
391123
391622
3955
399746
400451
400512
400533
400555
400710
400999
401074
401164
401288
401357
401934
4036
4041
406
406937
417
4190
4209
4321
4345
440026
440153
440345
440584
440738
440888
441058
441308
441581
441687
448831
4582
4584
4650
4660
467
4781
4811
488
4967
5026
50507
50837
50859
50863
51059
51062
51093
51094
51141
51147
51241
5125
51260
51280
51307
51428
51429
51474
51504
51602
51629
51646
51735
5187
5198
5230
5291
5292
5296
5298
5330
53353
5339
53916
541471
54205
54221
54496
54704
54729
54796
54874
54914
5493
54932
54938
54963
54970
55022
5504
55062
55068
55100
55111
55112
55154
55176
55187
55193
5522
55245
55253
55254
55288
55295
55344
55351
55370
55425
554313
55521
55578
55622
55697
55722
55756
55759
5576
55785
55790
55793
55795
55843
55844
5590
55901
56006
56257
5627
56474
56616
56931
56977
56981
56984
57001
57093
57095
57096
57101
57194
57217
5725
57291
5747
57491
57495
57502
57521
57530
57532
57553
57578
57602
57628
577
57703
57730
5820
5827
5836
58487
58499
58517
5864
5901
5903
5914
59349
60
6011
60370
60680
6093
6098
617
619207
6223
6280
6322
6339
6389
63931
6397
6398
64094
64109
641384
6424
642633
6427
64374
643977
64417
644444
644669
644994
646103
646626
646813
647121
6473
647476
647589
64788
64852
64857
64981
650226
654342
654499
6548
654816
6550
6559
6721
677784
6850
6868
6904
6911
692084
6926
693187
693219
693230
7039
7045
7150
7151
7179
7226
7260
7265
727758
727856
727905
727944
728034
728290
728458
728689
728730
7292
729246
729428
729461
729515
729582
729974
7414
7416
7434
7461
7465
7536
775
7789
7804
780852
7849
7851
78989
79050
79135
79142
79177
79590
79634
79667
79669
79709
79758
79783
79829
79852
79874
79895
7991
80157
80201
80207
80256
80777
80820
81
8106
81550
81603
81669
81671
81704
81844
8195
8237
8312
8331
8337
8340
83548
83597
8363
8364
83658
83698
8370
83939
83999
8404
84187
842
8425
84318
84435
8447
84498
84552
84632
8473
84777
84808
84818
84909
84910
84923
84925
85014
8517
85235
8531
85319
8601
8614
8615
8725
8737
8738
8771
8774
8775
8784
88
8844
8853
891
8930
8935
8969
89782
89891
89894
9019
9024
90353
90522
9110
91252
9169
91750
91754
91862
92
92105
9221
92609
92714
9319
9369
9409
94120
9451
9455
949
9501
9567
9572
9582
9638
9686
9738
9751
9758
9855
9857
9905
9906
9925
9997
