geneId
100101266
100126693
100128108
100128310
100128327
100128385
100128590
100128594
100128946
100130264
100130967
100131434
100132288
100132403
100132948
100133005
100133036
100133234
100133920
100134317
100134444
100169754
100169758
100169764
100169766
100169767
100190939
100192426
10021
100271927
100287364
100287497
100287704
100287834
100288142
100288687
100288695
100288778
100288798
100289097
100289137
100289255
100302126
100302168
100302243
100302267
100302281
100313839
100313841
100419008
100419743
100422863
100422889
100422990
100422995
10046
100499227
100500813
100500814
100500832
100500862
100505636
100505663
100505783
100505841
100505877
100505948
100505994
100506025
100506175
100506207
100506235
100506236
100506328
100506412
100506422
100506470
100506650
100507336
100507480
100507528
100507551
100507582
100507629
100508046
100528064
100529144
100616184
100616194
100616251
100616360
100616362
100616381
100652857
10071
100750225
10078
100846996
100847026
100847027
100847047
100847071
100847072
100861506
100861552
100861555
100874033
100874074
100874111
100874135
100874179
100874188
100874197
100874198
100874261
100887750
1009
10092
100996335
100996517
100996643
100996712
1010
101060226
101060233
101060684
10129
10135
101410538
10149
10156
10184
101926888
101926935
101926959
101927045
101927050
101927078
101927082
101927098
101927117
101927150
101927156
101927182
101927209
101927278
101927305
101927333
101927345
101927351
101927364
101927459
101927483
101927506
101927512
101927571
101927602
101927615
101927653
101927720
101927774
101927801
101927827
101927868
101928001
101928031
101928048
101928132
101928158
101928173
101928217
101928248
101928257
101928264
101928309
101928324
101928344
101928496
101928509
101928516
101928559
101928617
101928626
101928636
101928679
101928708
101928767
101928778
101928842
101928887
101928944
101928989
101929059
101929121
101929127
101929222
101929282
101929378
101929448
101929512
101929557
101929596
101929625
101929694
101929707
101929715
101929823
101930100
101930420
101954264
101954266
101954276
10215
10219
1024
102465832
102466162
1027
102723316
102723376
102723390
102723413
102723448
102723475
102723487
102723552
102723578
102723590
102723769
102723780
102723818
102723824
102723842
102723849
102723906
102724117
102724165
102724200
102724338
102724443
102724523
102724691
102724744
102724826
102724848
102724858
102724875
102724904
102724951
102725191
102725193
102725220
102725231
10274
103091866
103504727
103504731
103504733
103504735
103504739
103689913
103695433
103908605
10397
10413
10420
10428
104355135
104355150
104355288
104797538
105
10531
105369147
105369168
105369249
105369250
105369266
105369358
105369370
105369454
105369463
105369515
105369574
105369584
105369586
105369595
105369684
105369692
105369725
105369726
105369777
105369842
105369874
105369890
105370086
105370158
105370177
105370218
105370220
105370244
105370340
105370401
105370430
105370449
105370467
105370496
105370583
105370645
105370773
105370918
105371175
105371184
105371206
105371216
105371242
105371278
105371308
105371310
105371508
105371597
105371657
105371785
105371956
105371958
105371959
105371964
105371984
105372345
105372517
105372523
105372544
105372575
105372577
105372587
105372599
105372616
105372621
105372622
105372624
105372625
105372647
105372663
105372664
105372666
105372683
105372685
105372695
105372699
105372705
105372714
105372716
105372730
105372734
105372740
105372790
105372883
105372988
105372990
105373105
105373354
105373401
105373406
105373430
105373518
105373576
105373578
105373604
105373629
105373633
105373872
105373873
105373934
105374037
105374171
105374243
105374308
105374436
105374455
105374557
105374602
105374618
105374721
105374754
105374777
105374828
105374852
105374873
105375245
105375246
105375301
105375313
105375340
105375369
105375414
105375541
105375599
105375602
105375613
105375732
105375746
105375747
105375751
105375787
105375821
105375826
105375875
105375937
105375987
105375996
105376017
105376063
105376118
105376156
105376161
105376323
105376449
105376606
105376617
105376627
105376633
105376714
105376755
105376781
105377015
105377043
105377096
105377098
105377110
105377188
105377196
105377247
105377254
105377289
105377342
105377448
105377614
105377621
105377732
105377979
105378066
105378126
105378153
105378267
105378515
105378516
105378597
105378598
105378604
105378639
105378641
105378716
105378771
105378813
105378849
105378872
105378947
105378956
105378994
105379104
105379110
105379202
105379249
105379252
105379257
105379273
105379297
105379316
105379397
105379418
105379428
105379442
105379444
105379447
105379448
105379493
105379511
105379514
105379516
105379814
105379825
10549
10561
10589
106029310
106144537
106480334
10656
10657
107126285
10736
10791
107984001
107984006
107984035
107984037
107984132
107984181
107984345
107984378
107984469
107984516
107984555
107984750
107984901
107984977
107985014
107985072
107985194
107985282
107985406
107985433
107985435
107985443
107985730
107985911
107985925
107986138
107986333
107986343
107986381
107986383
107986516
107986552
107986578
107986777
107986972
107986993
107987000
107987001
107987007
107987054
107987059
107987068
107987155
107987246
10801
10804
108783645
1088
10904
10905
10912
10913
109616960
109729164
110006327
1104
11075
11077
110806277
110806285
111216275
11122
112267855
112268036
112268044
112268045
112268156
112268235
112268260
112268291
11231
112488736
112488737
112488738
112488745
11252
113177
11335
114799
114815
114876
114884
114907
115111
115209
115694671
115827
115830329
116085
116983
116987
117154
117156
117285
118426
119749
119863868
120114
120227
121009649
121340
121504
121512
121793
122525
123355
123706525
123706542
124149
124188214
124751
124900230
124900238
124900319
124900461
124900733
124900838
124900850
124900957
124901000
124901040
124901065
124901072
124901104
124901131
124901152
124901156
124901244
124901253
124901287
124901290
124901336
124901353
124901467
124901494
124901634
124901658
124901766
124901795
124901826
124901936
124901947
124901971
124901973
124902074
124902110
124902114
124902126
124902158
124902171
124902172
124902195
124902210
124902266
124902391
124902468
124902513
124902542
124902550
124902684
124902771
124902889
124903079
124903085
124903133
124903148
124903149
124903159
124903231
124903242
124903275
124903319
124903333
124903346
124903573
124903843
124903883
124903955
124904015
124904076
124904087
124904098
124904117
124904135
124904137
124904138
124904140
124904141
124904142
124904145
124904192
124904212
124904242
124904246
124904259
124904391
124904409
124904436
124904488
124904538
124904557
124904621
124904722
124904794
124904919
124904924
124904962
124904967
124904968
124904989
124904991
124904992
124904997
124905058
124905136
124905168
124905213
124905300
124906214
124906347
124906381
124907824
124907909
124907976
124908050
124909495
124925
124935
125228
126961
128266846
1284
128553
128611
1288
128826
129684
130512932
130733
131034
131375
132141
132565736
132949
133418
135458
135886
1366
1374
138050
1390
140678
140679
140686
143506
1438
144108
145195
146705
146802
1473
147872
147912
147929
148156
1488
1496
1499
149954
149992
150160
150527
151056
151354
152007
152404
152687
1527
153579
153768
154075
154091
154449
1556
157724
158038
158055
158326
160492
162387
162514
1627
163081
164045
164237
166379
168448
168667
169792
169841
169981
170690
172
1729
1740
1756
1768
1770
1793
1854
1915
196051
196335
1968
1978
1984
1999
200008
200030
200150
200205
200734
2011
201164
201266
201627
202559
203259
203274
203413
2042
205
2101
2113
2139
2157
2184
219681
219771
219954
221037
2212
221322
221477
221692
222584
222865
2254
2271
22807
22854
22876
22905
22906
22909
22994
23035
23040
23074
23085
2309
23093
23142
23148
23174
23199
23214
23217
23221
23236
23263
23281
23302
23344
23386
23396
23399
23476
23499
23514
23527
23666
23670
23705
23710
23784
238
245929
245939
252955
252983
253264
254268
255031
255488
2560
25771
25802
25832
25834
25837
25841
25906
259230
259249
26011
26031
26033
26039
26065
26080
26093
26115
26149
2620
26249
26298
2652
26532
26696
267002
26851
26953
26960
27012
27037
27063
27086
2710
27178
27434
27437
2774
2790
2821
282973
283404
283455
283547
283598
283927
283953
284040
284124
284215
284325
284353
284383
284402
284412
284749
284800
284801
284802
284942
285190
285440
285441
285596
285636
285679
285780
285905
286183
286380
286753
28966
2900
29072
2972
29842
2987
29895
29988
3017
302
3039
3055
30813
3082
30849
3091
3159
3162
3174
3191
3201
3300
333932
3340
337960
338005
338645
338755
339742
339788
339942
340069
340094
340260
340419
340596
341019
341276
341350
341405
3417
3421
343641
344167
344758
344887
345611
346007
346157
3475
347516
347735
348120
348174
348254
348980
353189
3553
3570
3624
3633
3641
3652
3662
3732
374569
375316
375690
375719
375775
3767
3777
3781
3797
3850
3853
387597
387628
387751
388759
389337
389602
389652
389840
3899
390539
390792
3908
391123
391475
391627
391746
391747
3920
392862
3955
399746
400451
400512
400533
400555
400696
400839
400999
401074
401145
401164
401288
401337
401357
401478
401509
4018
4026
403323
404744
406
406991
4093
414224
4158
417
4209
4246
4294
4336
434
4345
439965
440051
440084
440153
440345
440423
440584
440888
440896
440970
441058
441155
441308
441425
441581
442454
4436
445571
4486
448831
4582
4599
4621
4650
467
4693
4745
4781
4811
4885
4891
4915
4967
4983
4987
4990
5026
503637
5048
50507
50515
50615
5075
50861
51098
51156
51168
51224
5125
51260
51280
51371
51422
51428
51429
51438
51474
51602
51652
51747
5192
5195
5291
5292
5298
53353
53405
5345
5358
53919
541471
54212
54221
5426
54453
54729
54768
54796
54914
54916
5493
54963
54971
55016
55025
5504
55062
550643
55068
55100
55109
55111
55117
55154
5521
55254
55255
55277
55325
55344
55349
55351
55370
55423
554313
5551
5554
55553
55578
55635
55711
55714
55759
5576
55785
55789
55790
55799
55843
55844
5590
55901
55914
5602
56164
56172
5627
56547
56603
5663
56651
56934
56977
56987
57007
57093
57101
57102
57116
57126
57149
57154
57161
57167
57180
57186
57217
5725
572558
57291
5747
57476
57491
57495
57526
57553
57578
57580
57602
57619
57628
57644
57689
577
57701
57703
57706
57730
57761
57835
5795
5797
5800
5827
5830
5836
58486
58499
58512
58538
586
5886
5901
598
60
6011
60485
6093
619207
619552
622
6261
6262
6263
63036
6326
6330
6336
6339
63916
63934
6397
6398
63982
64094
64109
641384
641455
64149
641776
6424
642402
642633
6427
642846
642987
643
643036
643648
643749
643827
643834
643909
643977
644019
6444
644619
644649
644669
644994
645051
645367
645369
646066
646096
646103
646626
64663
646754
646813
647121
647476
64756
647589
64843
64900
649159
64981
650226
65084
6515
6525
653080
653123
653268
653316
653427
653550
653641
653857
654342
654466
654499
6548
6550
6559
657
6615
6629
6693
6695
6721
677784
6819
6822
6845
6850
6857
6904
6913
6926
693180
693219
7013
7015
7045
7090
7091
7150
7151
7179
7260
727758
727830
727837
727856
727905
727944
727982
728034
728194
728290
728458
728577
728597
728882
7292
729246
729348
729468
729515
729582
729759
729950
730092
7402
7414
7434
744
7466
7531
7702
775
7764
7789
780852
780853
780854
78987
78989
79050
79135
79634
79667
79691
79726
79746
79758
79783
79829
79895
7991
79937
79968
79999
80154
80201
80207
80256
80315
8038
80975
81
8106
8110
81318
814
81550
81603
81669
81671
81704
8195
8237
8294
8331
8340
83597
8363
8364
83658
8366
8367
83698
8370
83857
83938
8404
84181
84190
842
84318
8438
84435
8447
84498
84501
84552
84572
84620
8464
84665
8473
84777
84808
84871
84909
84910
84911
84925
84969
84981
85004
85235
85319
85363
8539
85441
85449
8553
8566
8601
8604
8618
862
8725
8731
8736
8737
8784
8797
88
8825
8853
8854
8861
8933
8969
89782
89891
9019
9024
90338
90488
90522
9076
9079
91252
9159
9172
91948
92
9208
92105
9229
9290
92949
9319
93492
93664
9369
9376
9403
94122
94151
9462
9479
949
9491
9501
9509
9535
9567
9572
9586
9607
9638
96626
9686
9687
9734
9751
9758
9759
9853
9895
9899
9906
9908
9911
9912
9961
9997
