geneId
10001
100101266
100125556
100126693
100128108
100128127
100128253
100128993
100129027
100129029
100129460
100129917
10013
100130361
100131997
100132403
100132463
100132994
100133005
100134317
10019
100190939
1002
100271927
100288687
100288778
100288911
100289097
100302228
100302270
100302281
100313839
100313841
100422821
100422863
10049
100499227
100500814
100500843
100500849
100500916
100505498
100505547
100505601
100505783
100506236
100506532
100507303
100507458
100507582
100507639
100616194
100616258
100616279
100630923
10071
10075
10082
100847062
100847072
100861530
100873942
100874033
100874052
100874106
100874135
100874176
100874187
100996335
101060233
101060391
101060684
101101773
101180976
10154
10156
10163
10184
10188
101926888
101926960
101926963
101927050
101927125
101927149
101927209
101927213
101927278
101927305
101927333
101927512
101927801
101928048
101928173
101928203
101928230
101928478
101928626
101928679
101928752
101928842
101928911
101929059
101929147
101929194
101929355
101929408
101929539
101929541
101929557
101929580
101929590
101929614
101929650
101929715
101929823
101930420
10194
10205
10207
102157400
10225
102467213
10254
10272
102723316
102723334
102723376
102723448
102723481
102723512
102723590
102723769
102723780
102723825
102723842
102723872
102723878
102724168
102724354
102724373
102724484
102724485
102724523
102724542
102724834
102724845
102724904
103021165
10318
10336
103504727
103504731
103625684
10397
10424
10425
104355135
10497
105369165
105369266
105369347
105369370
105369402
105369584
105369586
105369588
105369791
105369839
105370002
105370124
105370532
105370581
105370600
105370607
105370934
105371175
105371206
105371215
105371259
105371260
105371271
105371368
105371508
105371734
105371809
105371922
105371941
105372009
105372018
105372028
105372232
105372345
105372436
105372556
105372589
105372636
105372647
105372666
105372705
105372716
105373105
105373251
105373287
105373494
105373612
105373777
105373903
105373934
105373966
105374122
105374205
105374323
105374430
105374453
105374455
105374565
105374588
105374591
105374602
105374618
105374624
105374702
105374768
105374775
105374873
105374953
105374973
105375313
105375369
105375475
105375602
105375613
105375633
105375746
105375747
105375972
105376005
105376031
105376136
105376156
105376208
105376350
105376435
105376491
105376593
105376781
105376944
105376997
105377180
105377196
105377448
105377549
105377567
105377606
105377614
105377687
105377698
105377703
105377845
105378137
105378144
105378146
105378250
105378267
105378494
105378597
105378598
105378947
105379110
105379144
105379169
105379193
105379202
105379273
105379396
105379397
105379428
105379516
106029310
106144537
10620
10628
1063
10643
10644
106632260
106635684
107397391
10752
10791
107984006
107984037
107984414
107984469
107984732
107984750
107984867
107985132
107985194
107985239
107985433
107985581
107985634
107985676
107985694
107985840
107985885
107986284
107986320
107986333
107986335
107986420
107986538
107986549
107986552
107987001
107987105
107987106
107987246
1080
10867
10886
10913
109616963
109864281
109910381
11030
11033
1106
11064
11077
1112
11127
1114
11174
11190
11194
112267899
11237
112488736
112488738
11253
11281
1131
11325
114785
114805
114907
114908
115207
115399
115827
116540
116987
117248
1174
1184
118433
1185
118568806
118663
118827810
119749
1201
120114
120356739
120776
121793
123258399
123346
123606
123706542
124149
124900196
124900446
124900518
124900519
124900651
124900694
124900733
124900740
124900819
124900838
124900996
124901020
124901127
124901161
124901164
124901244
124901287
124901310
124901336
124901355
124901467
124901566
124901655
124901685
124901766
124901809
124901826
124901971
124902074
124902118
124902219
124902439
124902558
124902690
124902889
124903085
124903162
124903172
124903255
124903333
124903573
124903940
124903954
124903955
124904087
124904098
124904135
124904142
124904144
124904145
124904146
124904162
124904266
124904436
124904493
124904521
124904606
124904627
124904630
124904710
124904728
124904967
124904968
124904992
124904996
124905111
124905123
124905136
124905149
124905168
124905248
124905291
124905300
124905350
124905594
124906254
124906265
124906345
124906381
124907889
124935
125177376
125228
126119
126526
127748585
127829
128061
128178
128266846
128854
129446
129563
129787
130406855
130512932
131566
131890
133418
1351
138046
140678
143884
144100
144195
144404
145508
147166
147727
147912
147929
148252
148545
149992
150159
150596
150967
152002
152100
1527
153090
153201
153478
153579
153768
154091
154449
155435
157807
158376
1608
161176
162681
1627
163081
164045
165324
1740
1741
1778
1785
1793
1856
196383
196410
1984
199990
200205
200734
200810
2010
2014
201627
201853
202559
2029
203259
2067
2081
2103
219621
219902
221395
2218
221935
222235
22806
22888
22906
22932
23020
23040
23062
23064
23078
23081
23085
23095
23105
23139
23140
23142
23152
23164
23174
23199
23214
23243
23287
23339
2334
23370
23396
23399
23499
23504
2353
23550
23612
23613
23704
23731
23779
238
24140
24142
24147
245929
2475
2530
253017
253832
254099
254910
255031
257177
25769
25771
25792
2581
25911
25932
25988
26001
26036
26037
26080
26086
26093
26147
26229
26231
26251
26257
26261
2629
26497
2650
2652
26696
267002
26824
26830
26831
26851
2690
26953
27063
27077
27101
27132
27161
2762
2768
2770
2771
2774
2802
2821
282973
283234
283335
283383
283464
283991
284124
284451
284486
284739
284942
285386
285456
285498
285626
285659
285796
285965
2887
2895
2898
29
2900
2902
29092
29095
29119
2972
29950
29994
30000
3009
3017
3039
3040
3043
30819
3091
3099
3188
3276
3300
331
3329
333932
3340
3363
339201
339788
340260
341116
343171
343521
345275
347735
348980
356
3570
359822
3603
3607
3630
3662
3720
3732
374875
3754
375790
3767
3778
378805
378938
3799
3839
387712
388552
388697
388743
388759
389136
389320
389337
389652
389840
390142
390664
390928
3916
392636
393
3955
399716
399746
399844
399959
400533
400555
400655
400710
400955
401074
401164
401247
401357
401934
4041
4059
4124
4134
417
4194
4204
425054
4281
4298
4331
440132
440153
440352
440584
440689
440712
440888
440944
441058
441168
441272
441581
442524
4478
448831
448834
4521
4582
4584
4585
4609
4638
4650
4660
467
4695
4710
473
4811
4886
494118
4943
4967
4976
4987
5021
5026
50650
50807
50859
5090
50940
51066
51131
51144
51147
51156
51272
5128
51280
5136
51428
5144
51474
51504
51510
51522
51602
51608
51614
51642
51735
5188
5218
5226
5250
5291
5298
5321
5332
5345
5358
53944
5395
54039
541471
54221
5424
54456
54468
54581
54583
54663
54715
54729
54799
54872
54901
5493
54932
5496
54985
54991
5504
55062
55063
55100
55112
5522
55230
55245
5527
55275
55282
55286
55289
55297
55344
55422
554313
55435
55559
55561
55572
55577
55593
55697
55722
55759
5576
55764
55785
55790
55795
55809
5583
5586
5590
55902
5597
5606
5608
56157
56243
5627
5649
5660
56977
56980
56995
57082
57124
57132
57148
57149
57205
57222
5724
5732
57406
57468
57491
57498
57507
57521
57535
57542
57553
57597
57611
57623
57666
57689
57706
57730
57731
57799
57824
5793
5799
5803
5820
5827
58473
58499
58505
58524
5884
59271
59341
59349
5935
598
60
60401
60492
60674
6093
6101
619279
6237
6249
6263
6280
6311
6315
6339
638
63892
63910
64067
64087
641384
6416
641649
642633
642636
642757
643339
64405
64412
644591
644669
6456
64598
645996
646383
646522
646813
64708
647121
6473
647309
647476
64754
647589
64786
64788
6494
6497
64981
650226
65056
6510
6515
65217
654342
654499
654817
6580
6599
65991
6618
664617
6648
6694
6720
6773
677784
6785
6794
6827
6845
6873
693180
693187
693219
693230
7007
7027
7039
7045
7089
7150
7151
7179
7187
7247
726
7260
7272
727676
727758
727856
727905
728034
728327
728339
728458
728577
728755
728888
729218
729305
729515
730811
731223
7314
7419
7434
7534
7536
755
775
7789
7804
7849
78989
78995
79135
79414
79666
79669
79772
79864
7991
79953
79954
79977
79989
80000
80005
80032
80148
80157
80201
8021
80256
80318
80727
80757
8082
80820
81037
8106
81341
81567
81576
81603
81669
81697
81704
8174
8178
81792
8233
8237
8239
8294
8328
8337
83481
8364
83658
8367
83693
83698
8370
8379
83955
84002
8405
84148
84159
8425
84263
84295
84310
84318
84435
8447
84498
84552
8460
84665
84688
84878
84910
84986
8511
85438
85441
85442
8643
8647
8725
8728
8737
8747
8771
8784
88
8853
8893
8908
8925
89795
8999
9
904
91010
9110
91298
91748
92014
9221
9228
9236
9270
9271
9274
9319
9321
93323
93436
9354
93550
9378
94122
9448
9451
9456
9501
9513
9554
9578
9583
9589
9644
9678
9686
9698
9734
9751
9802
9846
9847
9855
9874
9887
9905
9927
