geneId
100008586
100049076
100101266
100101268
100125556
100126693
100128108
100128127
100128253
100128993
100129027
100129917
10013
100130361
100131496
100131997
100132247
100132403
100132406
100132463
100132832
100132916
100132948
100132994
100133005
100133036
100133050
100133121
100133161
100133220
100133920
100134317
100169751
100169755
100169758
100169761
100169763
100169764
100169767
100169768
10019
100190939
1002
100270680
100271835
100271927
100287082
100287178
100287205
100287314
100287441
100287513
100288142
100288520
100288637
100288687
100288695
100288778
100289097
100289574
100302167
100302187
100302228
100302270
100302281
100303728
100310812
100313839
100313841
100419743
100422863
100422899
100423036
10043
10049
100499227
100499467
100500814
100500843
100500849
100500862
100500869
100500916
100505498
100505536
100505547
100505561
100505566
100505601
100506127
100506207
100506258
100506311
100506532
100506714
100506869
100506885
100507043
100507059
100507201
100507303
100507421
100507459
100507582
100507607
100507629
100507639
100508120
100509894
100526830
100529144
100529209
100532724
100534612
10056
100616163
100616184
100616220
100616258
100616279
100616485
100616499
100616668
10071
10082
100846999
100847015
100847072
100861530
100873942
100874033
100874052
100874106
100874135
100874167
100874176
100874187
100874343
10098
100996335
100996569
100996637
100996694
100996716
100996756
100996941
10101
101055625
101059938
101060226
101060233
101060391
101060684
101101773
101180976
1012
10139
10149
10154
10156
10163
10188
101926888
101926903
101926960
101926963
101926971
101927050
101927059
101927075
101927115
101927134
101927149
101927209
101927213
101927278
101927333
101927420
101927421
101927483
101927506
101927512
101927531
101927602
101927615
101927700
101927801
101927822
101927896
101928031
101928043
101928048
101928173
101928176
101928203
101928230
101928433
101928478
101928519
101928580
101928603
101928605
101928608
101928626
101928679
101928687
101928752
101928842
101928877
101928911
101928944
101928979
101928989
101929059
101929095
101929147
101929194
101929344
101929355
101929373
101929446
101929473
101929479
101929541
101929557
101929580
101929590
101929614
101929650
101929692
101929715
101929767
101929823
101929863
101929967
101930100
101930420
101930665
10194
101954266
101954277
10207
102157400
10217
1024
10244
102465520
102467213
10254
102557615
10270
10272
102723316
102723318
102723360
102723376
102723389
102723390
102723442
102723448
102723475
102723490
102723512
102723552
102723590
102723699
102723769
102723780
102723809
102723842
102723849
102723878
102724094
102724127
102724142
102724168
102724200
102724219
102724238
102724354
102724373
102724465
102724485
102724523
102724539
102724542
102724642
102724701
102724734
102724834
102724843
102724845
102724848
102724855
102724875
102724904
102724919
102724951
10274
103021165
103352539
10336
103504731
103504733
103625684
103908605
10397
10411
104169671
10424
10428
104355135
10463
10466
10473
10497
10498
105180390
105180391
105274304
10534
105369150
105369165
105369183
105369266
105369325
105369347
105369402
105369408
105369490
105369571
105369584
105369588
105369622
105369625
105369667
105369668
105369677
105369687
105369791
105369839
105370002
105370120
105370124
105370169
105370177
105370183
105370324
105370401
105370449
105370581
105370600
105370616
105370672
105370829
105370934
105371175
105371206
105371215
105371216
105371223
105371259
105371271
105371423
105371508
105371589
105371661
105371708
105371734
105371922
105371941
105371956
105372009
105372018
105372028
105372100
105372232
105372345
105372383
105372390
105372412
105372436
105372522
105372546
105372556
105372560
105372582
105372624
105372629
105372636
105372647
105372666
105372683
105372705
105372716
105372733
105372734
105372892
105373077
105373105
105373131
105373151
105373251
105373286
105373287
105373394
105373411
105373437
105373454
105373552
105373579
105373597
105373611
105373612
105373629
105373682
105373689
105373752
105373777
105373824
105373888
105373903
105373934
105373954
105373966
105374122
105374126
105374205
105374322
105374430
105374453
105374528
105374565
105374602
105374618
105374702
105374768
105374775
105374873
105374953
105374973
105375207
105375313
105375414
105375475
105375509
105375591
105375602
105375613
105375633
105375746
105375747
105375750
105375844
105375911
105375937
105375972
105375974
105375988
105376011
105376030
105376063
105376064
105376136
105376156
105376208
105376350
105376435
105376489
105376491
105376554
105376603
105376637
105376781
105376892
105376944
105376992
105376997
105377003
105377106
105377180
105377196
105377369
105377406
105377417
105377439
105377448
105377549
105377567
105377606
105377614
105377687
105377698
105377700
105377703
105377705
105377740
105377845
105377949
105378137
105378144
105378146
105378237
105378267
105378379
105378467
105378478
105378494
105378597
105378598
105378761
105378880
105378916
105378947
105378977
105378984
105379109
105379121
105379144
105379189
105379193
105379202
105379249
105379252
105379263
105379273
105379340
105379396
105379397
105379418
105379428
105379438
105379443
105379448
105379452
105379453
105379478
105379493
105379514
105379516
105379814
10558
10564
10577
10589
106029310
106144537
106144541
10620
10643
10644
106480334
10654
106635684
1068
107075116
10713
107397391
10745
10750
10752
10767
10791
107984001
107984006
107984037
107984315
107984365
107984366
107984368
107984402
107984413
107984414
107984469
107984750
107984867
107984935
107985132
107985192
107985194
107985239
107985401
107985433
107985448
107985581
107985634
107985676
107985694
107985713
107985820
107985829
107985833
107985842
107985911
107986049
107986218
107986229
107986284
107986320
107986333
107986335
107986343
107986420
107986549
107986552
107986593
107986602
107986613
107986742
107986892
107987000
107987001
107987008
107987064
107987068
107987073
107987106
107987166
107987246
1080
10804
10867
108783645
10886
10913
10947
109616963
109616979
110006327
11030
11037
11039
1104
11042
11057
1106
11064
11077
1108
110806285
110806294
11095
111
11107
1112
11122
1114
11186
11214
112267899
112268033
112268044
112268070
1123
11237
112488736
112488738
112488745
11252
11253
112609
11281
1131
113146
113201
11325
114569
114785
114907
115024
115111
115286
1153
115694671
115827
116228
116540
116983
116987
117154
117246
117248
1184
118429
118433
118568806
118663
118827810
119
119749
1201
120103
120114
120146
120776
121551
121793
122183
122402
122704
123346
123606
123706542
124149
124188214
124900196
124900199
124900245
124900272
124900305
124900384
124900414
124900434
124900446
124900463
124900518
124900519
124900528
124900539
124900651
124900694
124900733
124900740
124900838
124900931
124900947
124900963
124900996
124901020
124901039
124901040
124901051
124901076
124901161
124901164
124901244
124901287
124901310
124901336
124901342
124901355
124901385
124901442
124901467
124901566
124901655
124901685
124901766
124901810
124901826
124901971
124902074
124902118
124902160
124902219
124902382
124902439
124902462
124902674
124902690
124902792
124902811
124903085
124903133
124903162
124903172
124903183
124903255
124903333
124903335
124903353
124903359
124903442
124903564
124903666
124903683
124903859
124903940
124903951
124903955
124903969
124904048
124904087
124904098
124904100
124904135
124904137
124904140
124904141
124904142
124904143
124904144
124904145
124904266
124904391
124904410
124904436
124904479
124904521
124904606
124904624
124904627
124904630
124904710
124904728
124904919
124904924
124904933
124904936
124904939
124904967
124904968
124904989
124904990
124904991
124904992
124904996
124904997
124905018
124905136
124905168
124905240
124905248
124905291
124905300
124905350
124905594
124905953
124905987
124906254
124906265
124906381
124907745
124907888
124907889
124909427
124909485
124935
124997
125177376
125228
126119
126231
126433
126526
126961
127255
127748585
127829
128031834
128061
128071540
128178
128266846
128312
1284
128553
128817
128854
128869
129446
129684
129787
129810501
130075
130132
130406855
130512932
131566
131870
131890
132204
133418
134701
135886
136227
1373
1374
137682
138046
140678
140686
142940
143872
143884
144100
144195
144203
144404
145389
1456
146923
147040
147727
147912
147923
147929
148156
148252
148545
149013
149992
150159
150160
150465
150596
150967
151011
152002
152006
152100
1523
152578
152687
1527
153090
153201
153478
153579
153768
154091
154449
154810
155435
157680
157807
157855
158038
158293
158314
1591
159989
1607
1608
161176
162681
1627
163049
163081
163742
164045
165324
166378
168667
169981
170393
170691
1741
1768
1785
1793
1810
1814
1855
1856
1908
1946
196383
196410
1984
199899
199990
200205
200734
200810
2009
2010
201853
202559
203259
2042
204962
2066
2067
2081
2091
2103
2122
219409
219621
219771
219833
219988
220047
2212
221395
221935
222967
22806
22828
22853
22861
22888
22895
22906
22928
22932
23012
23020
23026
23034
23040
23049
23051
23057
23064
23078
23094
23095
23105
23107
23120
23139
23140
23142
23164
23174
23199
23214
23247
23281
23284
23286
23287
23293
23317
23331
23339
2334
23367
23380
23396
23397
23469
23499
23505
23509
23527
2353
23543
23549
23612
23613
23645
23657
23666
23704
23731
23768
23779
24140
24146
24147
245929
2475
2530
254099
254102
2543
2547
254773
254910
255031
256380
256643
256979
257019
257194
25771
2581
25832
25932
25959
2597
26018
26036
26037
26053
26065
26080
26086
26088
26093
26095
26137
26147
26149
26205
26251
26257
26261
2629
2650
2652
26683
26696
267002
267010
26816
26824
26830
26831
26835
26851
26869
2690
26953
26960
27044
27063
27101
27132
27161
27236
27241
27253
27335
2736
2745
2762
2768
277
2770
2771
2774
2802
280636
2821
28231
282973
283234
283335
283422
283464
283537
283551
283585
283922
283991
283994
284040
284058
284119
284124
2842
284215
284323
284383
284412
284486
284739
284800
284801
284942
285074
285386
285407
285456
285498
285626
285659
285796
285955
285958
285965
286184
2863
2874
2879
2888
2895
2898
28985
29
2900
2902
29057
2909
29092
29119
29124
2915
2956
2969
2972
2977
29780
29893
2995
29950
29968
29994
30000
3006
3009
3017
302
3039
3040
3043
3065
30811
30819
3091
3092
3099
3145
3146
3163
3164
3188
3191
3201
3276
3300
331
3312
3320
3329
333932
334
3340
338864
338879
339201
339318
339324
3398
340037
340260
340544
340554
340719
341019
341359
341567
341640
342096
342184
342538
342850
3430
343171
343521
343578
343702
345193
345275
3475
347735
348980
349152
353189
356
3570
359822
3603
3607
3613
3630
3632
3642
3662
3693
3709
3720
3732
374286
3745
374860
374986
375248
3754
375567
375612
375719
375790
3767
378805
378938
3799
3820
3839
387628
387712
387804
388536
388552
388685
388697
388743
388759
388960
389136
389320
389337
389652
389840
389898
389906
390142
390226
390664
390928
3910
3916
391746
391747
392636
3927
393
3939
3949
3954
3955
3987
399687
399716
399746
399844
399881
399900
399947
399959
4000
4004
400533
400555
400655
400710
400818
400954
400955
400966
401014
401074
401164
401190
401247
401357
401508
401509
4018
401934
4023
403323
404093
4047
404785
4059
408029
4134
414763
417
4194
4199
4204
425054
4298
4331
4332
434
440153
440345
440352
440584
440689
440888
440944
441058
441168
441263
441272
441369
441425
441432
441501
441581
441933
442454
445571
448831
448834
4521
4534
4582
4584
4585
4613
4627
4638
4647
4650
4661
467
4695
4722
473
4738
475
4774
4811
4886
4920
4925
4931
493860
494118
4943
4967
4976
49856
5021
5026
503497
50650
50807
50861
5091
50940
51002
51019
51066
5110
51131
51144
51156
51224
51260
51272
51276
5128
51280
51281
51334
5137
51386
51411
51428
5144
51474
51496
51504
51522
51526
51602
51608
51626
51642
51643
51735
51750
5188
5218
5241
5288
5291
5295
5298
5315
5321
5332
5334
5345
535
5358
53942
54039
541471
5422
54221
5430
54441
54456
54532
54581
54583
54586
5467
54715
54729
54788
54799
54828
54838
54872
54890
54892
54894
54901
54908
5493
54938
54954
5496
54985
54986
54991
5504
55061
55062
55066
55068
55074
55075
55086
55100
55112
55139
5522
55230
55245
55258
55272
55275
55286
55297
55314
55339
55344
5537
55370
55422
554313
5551
55561
55572
55577
55593
55609
55614
55622
55662
5567
55697
55722
55755
55785
55790
55809
55816
55821
55823
5583
55857
5586
5590
55929
55969
5597
5606
5608
56157
56163
56243
56259
5627
5649
56603
56616
56659
5691
56945
56977
56980
56981
56995
57062
57082
57093
57124
57132
57149
57159
57175
57179
57180
57205
57222
5724
5732
57332
57406
57451
57468
57491
57507
5753
57535
57542
57574
57580
57591
57597
57611
57623
57628
57666
57669
57689
57706
57799
57824
57828
5793
5795
5799
5803
5827
58473
58499
58505
58515
58524
5878
5884
59271
59349
5935
595101
5990
60
60401
60492
60495
60529
6091
6093
6101
619279
619455
6230
6263
6311
6315
6337
6339
638
63892
63910
63951
63967
6397
64067
64087
64123
641298
6416
64168
641702
642236
642426
642633
642636
6427
6431
643224
64327
643339
64359
643648
64374
643827
643862
643904
644019
64405
64410
64412
6444
644591
644619
644649
644669
644994
645520
6456
645784
64598
645996
646066
646096
646457
646522
646813
646982
64708
647121
647135
6473
647309
647476
647589
64788
649
6497
64981
650226
65056
6506
65065
6510
6513
6515
6517
65217
653121
653188
653220
653427
653464
653513
653519
653550
653598
653643
6541
654342
654412
654466
654499
654817
6549
6579
6580
65991
664617
6648
6660
6667
6671
6694
6716
6720
6773
677681
677779
677784
6785
6794
6822
6827
6845
6872
6873
6874
688
6913
693139
693180
693187
693219
693230
6944
7007
7013
7014
7027
7039
7045
7052
7089
7126
7145
7150
7151
7156
7179
7187
7247
7253
726
7260
7272
727758
727851
727856
727866
727905
727982
728012
728034
728196
728262
728327
728339
728369
728458
728524
728577
728597
728661
728755
728819
728833
728882
728888
7289
729218
729224
729233
729240
729246
729250
729305
729384
729428
729515
729533
729759
729786
729857
730811
7314
7419
7434
7498
7511
755
7737
775
7764
7789
780851
780852
780853
780854
7849
78995
79004
79026
79157
79628
79666
79738
79772
79783
79809
79812
79834
79864
79875
79890
79892
79899
7991
79925
79934
79937
79954
79977
79989
79999
80000
80005
80017
80032
80055
80059
80099
80144
80148
80177
80201
80218
80256
80318
80329
80333
80727
8073
80757
80777
8082
80820
81
81037
81099
8131
81490
81567
81576
81603
81623
81704
8174
8178
81792
81849
8193
8202
8233
8237
8239
8294
8328
8329
83473
83481
8349
83550
8362
8364
8367
83693
83698
8370
8379
8382
8386
83943
83955
84002
8404
8405
8412
84133
84148
84159
84163
84181
84190
84220
8425
84263
84295
84300
84310
84318
8438
8440
84435
84467
8447
84552
84561
8460
84620
84665
84678
84688
84812
84878
84909
84910
84955
84986
85003
85007
85013
85019
8511
85319
85407
85438
85441
85442
85478
8550
8553
8568
8604
8630
8643
8647
8694
8725
8737
8747
8784
88
8853
8874
8893
8898
8908
8925
8936
8970
89795
9
90134
90231
904
90411
9057
9068
90864
91010
9110
91272
91298
91522
91748
91893
92
9204
9213
9228
9236
9249
9265
9270
9271
9274
9289
92949
9319
9321
9354
93550
9412
94122
942
9448
9451
9456
9535
95681
9569
9583
9618
9644
9659
96626
9686
9710
9729
9734
9758
9802
9821
9843
9846
9855
9863
9867
9870
9905
9911
9927
9933
994
