geneId
100093630
100093631
100101266
100101268
100124412
100128108
100129726
100130256
100131997
100132159
100132403
100132832
100132948
100133050
100134317
100144596
100169751
100169754
100169755
100169758
100169761
100169765
100169766
100169767
100188893
100190939
100271835
100271836
100271927
100287102
100287896
100288142
100288687
100288695
100288778
100289097
100289341
100291105
100310812
100422836
100422870
100422954
100422956
100422974
100500862
100505771
100505783
100506119
100506190
100506334
100506532
100506660
100506691
100526830
100616126
100616258
100616300
100630918
10071
10079
100847089
100874033
100874343
100996432
100996442
100996637
100996712
101060226
101060684
101101773
101926941
101926963
101927050
101927125
101927209
101927345
101927506
101927543
101927774
101928173
101928243
101928402
101928679
101928752
101928979
101929125
101929512
101929559
101929823
101930100
101930420
101954266
101954277
102465835
102466223
102723316
102723354
102723360
102723376
102723448
102723475
102723590
102723640
102723842
102724219
102724368
102724467
102724523
102724701
102724843
102724904
102724951
10335
103504727
103504731
103504733
103504738
103504739
10383
10399
10400
10436
10497
105369266
105369346
105369584
105369760
105370445
105370578
105371024
105371175
105371708
105371757
105371785
105371984
105371986
105372345
105372636
105372647
105372651
105372663
105372664
105372705
105373195
105373334
105373615
105373629
105374453
105374464
105374602
105374848
105374873
105374914
105375313
105375613
105375633
105375746
105375771
105375937
105376136
105376291
105376292
105376594
105376781
105376912
105377614
105378144
105378267
105378597
105378598
105378912
105378947
105379193
105379202
105379263
105379273
105379397
105379418
105379428
105379493
105379516
10558
10580
10581
106029310
10614
106144537
10642
106632260
10750
107984006
107984016
107984037
107984132
107984262
107984368
107984372
107984469
107984552
107984875
107985433
107985434
107985730
107986854
107987001
107987246
10801
10870
109136579
10961
10965
10972
109729162
109729180
11042
110806285
1112
11186
112268203
112488736
112488737
112488738
112488745
113146
115509
115825
118433
118568806
119749
120766144
121793
122152330
122183
122622
123258399
123466213
123706542
124149
124900597
124900651
124900838
124900931
124900996
124901044
124901287
124901336
124901826
124901971
124902862
124903139
124903629
124903635
124903880
124903942
124903955
124904048
124904098
124904135
124904137
124904138
124904139
124904140
124904141
124904142
124904143
124904144
124904145
124904162
124904410
124904614
124904919
124904967
124904968
124904989
124904992
124904996
124905168
124905300
124906022
124907725
124907875
124907880
124907889
126299
126393
126568844
126961
128193295
129810501
133418
133491
133957
135458
1399
140465
1434
144195
144404
145195
146691
147040
147166
148345
149992
151009
151516
164045
165100
1654
170463
170691
1793
1855
1907
1915
192286
1933
196872
1973
1975
1984
201232
201305
202559
203274
2067
2077
2091
2194
2212
221477
2256
22838
22997
23082
23086
23142
23144
23151
23160
23211
23265
23299
23348
23357
23360
23367
23380
23399
23450
23613
23636
245929
246721
254863
256714
25832
26003
26013
26019
26053
26065
26080
2648
26509
2652
26683
26696
267002
26765
26834
26851
26869
27086
27143
283232
283404
283871
284124
284325
284412
284800
284942
284948
285193
285343
285768
286753
2872
28989
2900
29057
2969
2972
29886
29950
302
3038
3042
3145
3159
3178
3181
3187
3191
3276
338692
338707
339192
339229
339327
339487
340037
340260
340706
348980
3609
3630
374666
3754
375690
378938
3839
388341
388697
388759
388796
389524
389652
389840
390651
391746
391747
399746
399900
400451
400533
400710
401074
401164
401357
4018
401934
402
402682
404093
4055
406984
417
4176
4218
425054
4282
430
440153
440423
440584
440585
440888
441058
441272
441273
441581
448831
4502
4584
463
4641
4661
4691
4773
4811
4884
4920
5054
50614
50628
51043
5116
51171
51278
51280
51330
51368
51481
51504
51523
51564
51571
51593
51602
517
51750
5192
5204
5209
5223
5292
5315
53335
5345
5358
53832
541565
54221
54487
54552
54663
5467
54704
54758
5476
5478
54859
54910
54938
55004
55011
55055
55107
55172
5522
5524
55245
55275
552853
55344
55367
55532
55621
55657
55833
56006
56257
5627
56894
56931
56975
56977
56980
572
57217
57332
57540
57553
5757
57644
57654
57707
5820
5886
59271
6046
6060
6066
6093
6142
6144
6146
6147
6157
6160
6173
6187
6191
619207
6193
6204
6205
6208
6217
6233
6241
6339
638
6382
63935
64109
641702
642633
6427
642757
644019
644669
645520
646103
646813
647121
64754
647589
64763
64773
64788
64852
649159
6497
650226
6510
6515
6522
654342
654499
654835
6602
6617
6624
6640
677
677784
677842
6845
6923
6929
693187
693204
693219
7015
7023
7024
7049
7077
7150
7151
7179
7205
724102
727758
727856
727905
728034
728524
729233
729240
729246
729250
729305
729515
729597
7296
732265
7379
741
7416
7425
7434
7531
7532
7555
7593
7739
775
7789
7804
780851
780852
780854
7866
78989
790
79574
7965
79652
79813
80067
80097
80304
80727
8086
81
8106
81610
81704
81873
819
821
822
8269
8310
83473
8379
83855
8396
84163
8420
8425
84254
84289
84318
8447
84498
84552
84740
84790
84808
84909
84951
84981
8531
85319
8566
8567
8737
8747
8771
88
8894
8925
9024
9045
9123
91433
9221
9270
92703
92715
928
92806
93099
9319
9349
93589
9404
949
9535
9580
9584
970
9732
9751
9759
9906
997
