geneId
100049076
10005
100093630
100093631
100101266
100101268
100101440
100124412
100124540
100124700
100125556
100126693
100126784
100128108
100128276
100128340
100128494
100128788
100128881
100128893
100129480
100129726
100129836
10013
100130256
100130361
100130967
100131454
100131496
100131691
100131816
100131997
100132159
100132247
100132403
100132406
100132831
100132832
100132948
100132994
100133005
100133050
100133161
100133612
100133985
100133991
100134015
100134317
100134444
100134938
100137047
100144596
100144603
100151683
100169751
100169758
100169760
100169764
100169766
100188893
100190939
100192378
1002
10020
10024
100270680
100271722
100271835
100271836
100271927
100287102
100287364
100287366
100287497
100287596
100287632
100287896
100288069
100288142
100288524
100288687
100288695
100288728
100288778
100288797
100289097
100289341
100289373
100291105
100302124
100302126
100302128
100302137
100302138
100302155
100302161
100302164
100302168
100302208
100302278
100310812
100419743
100422558
100422823
100422833
100422836
100422846
100422858
100422863
100422870
100422874
100422899
100422941
100422954
100422956
100422974
100423016
100423027
10049
100499467
100500804
100500825
100500832
100500862
100500914
100505501
100505538
100505561
100505566
100505641
100505666
100505758
100505771
100505783
100505826
100505920
100505948
100505975
100505996
100506047
100506054
100506100
100506115
100506119
100506190
100506236
100506334
100506374
100506380
100506392
100506498
100506532
100506622
100506660
100506691
100506710
100506755
100506779
100506874
100506963
100506974
100507099
100507173
100507217
100507283
100507290
100507403
100507420
100507436
100507458
100507459
100507607
100507642
100526830
100528018
100529211
100529239
10054
10057
10060
100616126
100616129
100616168
100616184
100616194
100616251
100616258
100616278
100616300
100616310
100616336
100616343
100616370
100616376
100616381
100616400
100616421
100616668
100630918
100652768
10071
10079
100847084
100847089
100852409
100861547
100873920
100873979
100874012
100874033
100874059
100874082
100874123
100874164
100874172
100874198
100874203
100874205
100874211
100874261
100874323
100874343
100874356
100887750
100996295
100996307
100996345
100996432
100996442
100996590
100996693
100996712
100996720
100996740
100996746
10103
101060004
101060226
101060498
101060544
101060684
10109
101101773
10111
1012
10121
10137
101410535
10156
101735302
10188
1019
101926888
101926903
101926941
101926959
101926960
101926963
101926974
101926975
101927021
101927027
101927050
101927078
101927084
101927117
101927125
101927152
101927171
101927209
101927230
101927244
101927283
101927285
101927345
101927379
101927406
101927420
101927486
101927497
101927505
101927506
101927543
101927550
101927574
101927602
101927678
101927702
101927774
101927808
101927822
101927967
101928001
101928015
101928035
101928043
101928047
101928053
101928093
101928111
101928119
101928123
101928158
101928161
101928173
101928177
101928185
101928236
101928243
101928269
101928344
101928354
101928377
101928402
101928448
101928513
101928559
101928603
101928604
101928605
101928608
101928630
101928674
101928679
101928694
101928752
101928767
101928817
101928836
101928880
101928895
101928979
101929125
101929196
101929208
101929222
101929265
101929272
101929309
101929340
101929371
101929420
101929432
101929437
101929467
101929494
101929511
101929512
101929555
101929557
101929559
101929566
101929567
101929609
101929614
101929631
101929646
101929667
101929692
101929715
101929717
101929753
101929769
101929823
101929950
101929963
101929974
101930071
101930100
101930275
101930420
101930748
101954266
101954267
101954276
101954277
10200
10205
10207
102157400
10221
10223
10225
10226
10229
10230
10236
1024
102465449
102465468
102465513
102465667
102465835
102465863
102465881
102465908
102465978
102466202
102466223
102466751
102466878
102466906
102467074
102467212
102659353
1027
102723316
102723345
102723354
102723360
102723364
102723376
102723389
102723413
102723427
102723448
102723475
102723510
102723512
102723548
102723552
102723555
102723590
102723633
102723640
102723644
102723741
102723742
102723780
102723842
102723849
102723906
102724050
102724200
102724219
102724338
102724368
102724421
102724450
102724467
102724485
102724489
102724521
102724523
102724624
102724632
102724652
102724699
102724700
102724701
102724843
102724855
102724875
102724904
102724951
102724955
102725072
102725191
102725220
102725231
102800315
10283
10298
103021165
10312
10327
10329
10330
10335
10336
103504727
103504729
103504731
103504733
103504738
103504739
10362
103695365
103695431
10383
10399
10400
10411
104169671
10422
104355145
10436
10444
10445
104472519
104472713
104564224
10458
10462
10464
10492
10497
10499
10512
105180390
105180391
105221694
10524
10533
10536
105369183
105369225
105369266
105369325
105369346
105369362
105369370
105369449
105369454
105369515
105369574
105369584
105369586
105369666
105369748
105369760
105369776
105369777
105369782
105369841
105369842
105369874
105369890
105370078
105370117
105370156
105370177
105370183
105370224
105370240
105370401
105370445
105370449
105370467
105370471
105370507
105370531
105370578
105370582
105370607
105370660
105370668
105370688
105370759
105370770
105370790
105370928
105370934
105371024
105371044
105371068
105371099
105371152
105371175
105371206
105371260
105371278
105371362
105371363
105371423
105371573
105371600
105371673
105371708
105371716
105371729
105371749
105371757
105371773
105371785
105371795
105371796
105371919
105371956
105371984
105371986
105372018
105372100
105372175
105372185
105372232
105372255
105372332
105372345
105372360
105372385
105372436
105372505
105372532
105372582
105372614
105372636
105372637
105372647
105372651
105372654
105372663
105372664
105372683
105372694
105372703
105372705
105372730
105372789
105372988
105373077
105373105
105373106
105373131
105373158
105373195
105373210
105373287
105373324
105373334
105373335
105373336
105373414
105373438
105373456
105373465
105373536
105373559
105373585
105373588
105373595
105373600
105373610
105373614
105373615
105373629
105373637
105373654
105373685
105373748
105373760
105373886
105373934
105373939
105373947
105374029
105374034
105374147
105374253
105374308
105374343
105374347
105374348
105374363
105374367
105374378
105374453
105374455
105374464
105374468
105374602
105374662
105374777
105374804
105374814
105374820
105374848
105374873
105374889
105374914
105374945
105375044
105375077
105375113
105375191
105375222
105375237
105375242
105375259
105375266
105375313
105375334
105375342
105375392
105375423
105375525
105375557
105375613
105375633
105375733
105375746
105375762
105375765
105375771
105375912
105375937
105375970
105375976
105375983
105375988
105376030
105376042
105376044
105376050
105376063
105376071
105376136
105376161
105376290
105376291
105376292
105376318
105376413
105376440
105376444
105376489
105376505
105376509
105376517
105376594
105376646
105376658
105376662
105376686
105376695
105376722
105376762
105376772
105376781
105376856
105376912
105376988
105376992
105377003
105377196
105377247
105377248
105377302
105377342
105377395
105377423
105377462
105377509
105377512
105377584
105377613
105377614
105377621
105377635
105377678
105377682
105377684
105377685
105377698
105377701
105377740
105377745
105377753
105377865
105377877
105377918
105378109
105378144
105378146
105378149
105378150
105378153
105378179
105378193
105378267
105378342
105378351
105378397
105378448
105378478
105378494
105378597
105378598
105378604
105378666
105378808
105378813
105378838
105378879
105378880
105378947
105378977
105378984
105379083
105379135
105379169
105379193
105379202
105379263
105379273
105379306
105379311
105379397
105379418
105379428
105379443
105379447
105379448
105379493
105379516
10540
105463123
10558
10580
10581
105827617
106029310
10606
10614
106144535
106144537
106144592
10616
10626
10632
10642
10643
10653
106632260
106635683
10669
10693
107126285
10721
10728
107282092
10750
10761
10783
10788
10791
10794
107983993
107984001
107984006
107984016
107984027
107984035
107984037
107984132
107984171
107984262
107984368
107984372
107984426
107984469
107984552
107984788
107984844
107984875
107984934
107984935
107984969
107985034
107985053
107985072
107985090
107985194
107985368
107985372
107985384
107985433
107985434
107985448
107985579
107985676
107985707
107985808
107985839
107985911
107985936
107985943
107986124
107986335
107986408
107986411
107986552
107986602
107986770
107986782
107986822
107986832
107986852
107986854
107986892
107986920
107986950
107987000
107987001
107987007
107987043
107987064
107987065
107987068
107987129
107987166
107987246
107987323
108
1080
10801
10813
10826
10844
10867
10870
10890
109
10903
10913
109136579
10927
10935
10954
10961
109617025
10965
10972
109729162
109729180
10975
10979
10980
109864269
10994
10998
110006327
11015
11031
11033
11039
11040
11042
11045
11047
1106
11060
11065
11072
11073
110806285
11100
111082992
1111
11112
11117
1112
11137
11142
11151
11177
11184
11186
11187
11190
11226
112267862
112267958
112268036
112268070
112268105
112268130
112268172
112268235
112268243
112268260
112268269
1123
112398
1124
112483
112488736
112488737
112488738
112488740
112488745
112495
112597
112694756
11273
11284
112840934
112939
113026
11311
113146
113178
113201
11326
11328
11332
11333
11335
11336
11338
113455421
113939925
114515518
114781
114790
114792
114822
114827
114876
114879
114899
114904
114991
115111
115290
115399
115509
115701
115752
115795
115825
116071
116154
116435298
116443
116447
116512
116540
116840
116843
116987
117145
117154
117245
1174
1175
117532
1184
118429
118433
118568806
118827810
118827813
119016
119139902
1195
119749
120103
1207
120766144
1209
1212
121340
121512
121601
121793
121832803
121847984
122152330
122183
122455341
122526779
122618
122622
122953
122965335
122970
123096
123258399
123258400
1233
123466213
123706532
123706542
1240
124149
124188214
124446
124454
124540
124751
124773
124790
124900165
124900193
124900196
124900244
124900301
124900303
124900324
124900369
124900384
124900392
124900452
124900528
124900601
124900612
124900651
124900733
124900835
124900838
124900931
124900956
124900957
124900990
124900996
124901040
124901044
124901067
124901070
124901080
124901084
124901085
124901091
124901136
124901137
124901156
124901242
124901270
124901287
124901336
124901408
124901448
124901566
124901619
124901671
124901711
124901736
124901766
124901783
124901826
124901915
124901971
124901999
124902010
124902070
124902117
124902140
124902171
124902203
124902208
124902210
124902259
124902462
124902482
124902622
124902718
124902775
124902791
124902826
124902861
124902862
124902923
124902955
124903027
124903035
124903071
124903139
124903167
124903185
124903218
124903221
124903296
124903305
124903341
124903385
124903629
124903635
124903641
124903772
124903822
124903844
124903869
124903872
124903880
124903901
124903911
124903942
124903955
124903957
124904009
124904019
124904048
124904062
124904094
124904098
124904135
124904137
124904138
124904139
124904140
124904141
124904142
124904143
124904144
124904145
124904162
124904202
124904246
124904400
124904410
124904550
124904614
124904631
124904636
124904656
124904901
124904902
124904919
124904933
124904934
124904936
124904961
124904967
124904968
124904989
124904990
124904991
124904992
124904993
124904996
124905111
124905168
124905185
124905216
124905240
124905300
124905594
124905959
124905962
124906022
124906096
124906135
124906195
124906214
124906237
124906345
124906381
124907725
124907731
124907768
124907862
124907875
124907880
124907889
124907910
124907977
124909376
124909399
124909428
124997
125206
125950
126299
126308
126393
126433
126526
126568845
126961
1271
127138864
127239154
127281
1277
127733
127898564
127903862
128193295
128239
128240
128272
1284
128611
128817
128854
128864
128869
1291
1293
129563
129684
129787
129810501
130162
130406855
130872
130940
1310
131076
131096
1314
131669
131675794
131768270
131870
132158
133396
133418
133491
133522
133957
134265
134549
1346
1349
135138
135398
135458
135935
136
136227
137970
138046
138151
138474
1385
138639
1387
1399
140465
140701
140710
140711
140825
140838
1434
143425
143888
144195
144233
144404
144406
144501
145173
145195
1454
145447
145508
145567
146433
146691
146712
146713
1468
146822
147
147007
147040
147166
147179
1473
147495
1476
147645
147727
147807
147965
148145
148156
148206
148229
148254
148345
1488
148898
149281
1495
149773
149986
149992
15
150159
150223
150244
150381
150468
150527
150921
151009
151056
151171
151393
151516
151903
151963
152006
152098
152189
1522
1523
152404
152578
152687
152877
153090
153469
153768
153918
154449
154907
155054
156
157313
157680
158038
158293
158401
158471
158798
159090
16
1602
160492
1607
161779
161823
1629
162989
163227
163742
163859
164045
164395
165082
165100
165324
1654
1655
1657
165829
1665
166929
166979
1678
168002
168620
169981
170062
170393
170463
170688
170689
170691
170850
171017
1725
1736
1740
1745
1756
176
1762
1770
1778
1781
1793
1809
1819
1855
1889
1891
190
1907
1915
192286
1933
1938
1939
1946
1962
1965
196500
196527
196872
196913
197187
1973
197322
1975
1977
1981
1983
1984
1992
1996
199704
199990
200014
200172
2002
200205
200261
2004
200424
200539
2006
200765
2009
201163
201164
201232
201305
201595
201626
202333
202559
2027
2029
203054
203068
203274
2034
203522
203547
204219
2067
2077
2079
208
2091
21
2103
2118
2120
2121
2131
2134
2146
2147
2155
2161
2194
219402
219409
219447
219736
219743
219931
219957
220001
220064
220081
221061
221078
2212
221468
221477
2218
221883
221895
221927
221935
221937
221960
222183
222194
222229
222236
222256
222967
2232
2248
2254
2256
2258
22809
22821
22823
22838
22839
22847
22848
22852
22864
22876
22890
22893
22901
22904
22905
22919
22926
22941
22978
22980
22981
22982
22992
22997
23007
23012
23016
23022
23023
23026
23034
23039
23040
23049
23061
23078
23082
23085
23086
23094
23102
23105
23108
23122
23133
23140
23142
23143
23144
23151
23152
23157
2316
23160
23162
23178
23186
23187
23196
23211
23213
23214
23223
23233
23236
2324
23241
23243
23247
23255
23263
23265
23277
23281
23284
23286
23293
23295
23299
23303
23306
23321
23326
23327
23333
23338
23348
23352
23353
23357
23360
23362
23363
23367
23370
23373
23380
23387
23392
23399
23408
23414
23429
23450
23468
23471
2348
23498
23506
23509
23514
23518
23521
23527
23549
23558
23562
23597
23603
23613
23621
23646
23650
23657
23666
23670
23671
23743
23760
23768
23786
23788
238
241
24142
245929
246175
246243
246269
246329
246721
253017
2534
253461
253558
253832
253959
254268
254528
254896
2556
255758
255967
256309
256364
256714
2570
2571
257169
257177
257194
257415
25771
25777
25797
25798
25824
2583
25832
25841
25847
2588
25885
25902
25906
259230
25939
25946
25970
25973
25989
26003
26013
26017
26019
26031
26032
26039
26047
26053
26056
26061
26065
26080
26083
26100
26135
26147
26149
26151
26154
26164
26168
261734
26205
26227
26251
26259
26285
2630
2648
26509
26517
2652
26524
26608
2661
2665
266655
26683
266917
26696
267002
2676
26765
26768
26780
26811
26830
26834
26851
26869
2691
26959
26986
27010
27018
27067
27086
2710
27122
27123
27132
27143
27241
27257
27315
27316
27338
27346
2736
27434
276
2762
2771
2774
2776
278
2782
2793
2799
2810
2820
28227
28231
282616
282973
282974
283130
283131
283149
283232
283337
283373
283377
283404
283417
283422
283547
283575
283638
283643
283663
283693
283867
283869
283871
283991
284004
284029
284040
284058
284085
284086
284124
284325
284383
284412
284593
284611
284800
284942
284948
284950
284958
285033
285154
285175
285193
285311
285343
285441
285555
285600
285638
285659
285735
285768
285955
286002
286053
286205
286336
286467
286753
2872
2876
2879
2888
2895
28966
2898
28989
28992
29
2900
29057
29074
29102
29115
29123
29128
2923
293
2934
2941
2950
2969
2970
2972
2974
29796
2980
29801
29880
29886
29928
29947
29949
29950
29967
2997
2998
29998
30
30011
30012
3017
302
3038
3042
3068
3074
3094
311
3145
3146
3151
3159
3163
317648
3183
3187
3191
3200
3204
3222
3224
3269
327
3275
3276
3292
3308
331
3320
3326
3337
3340
3356
3371
3376
338657
338692
338707
339122
339175
339192
339229
339324
339327
339403
339487
339822
339855
339894
340037
340069
340073
340146
340260
340371
340706
341019
341359
3419
342096
342850
345275
347732
347735
348093
348254
348751
3489
348980
349152
350
353
353345
3566
3595
36
360200
3603
3607
3630
3642
3652
3654
3659
366
3662
3682
3705
3714
3728
374454
3745
374666
374786
375248
3754
375593
375690
375719
375790
3762
3777
3778
378108
378805
378938
3801
3832
3839
3852
3856
386607
386757
387628
387723
387755
387841
388165
388242
388341
388364
388552
388685
388697
3887
388759
388796
388830
388942
388960
389072
389158
3892
389524
389602
389652
389668
389840
389898
390651
3908
391
391194
3916
391627
391746
391747
396
3984
3987
399671
399687
399746
399844
399900
399959
4000
400224
400451
400533
400555
400581
400710
400728
400752
4008
400839
400916
400927
400960
400966
400997
400999
401022
401074
401145
401164
401331
401357
401409
401508
401561
4018
401934
401994
402682
402778
4036
4037
4038
4040
404093
4041
4052
4053
4054
4055
406
406933
406936
406940
406984
4074
408
408050
4092
4122
4124
4128
4134
4140
414763
414918
414919
414926
4150
4158
4163
417
4176
4209
4218
4245
4249
425054
4282
4285
430
4335
440026
440073
440153
440193
440288
440345
440353
440419
440423
440584
440585
440672
440888
440894
440993
441058
441116
441150
441191
441204
441242
441263
441272
441273
441307
441521
441581
441631
441933
442421
442590
442720
442918
4430
4437
445571
4477
4481
448831
449520
4502
4534
4584
4593
4605
4616
463
4637
4638
4641
4642
4643
4644
4651
4661
4675
4681
4691
4698
4701
4707
471
4710
473
4736
4750
4752
4763
4773
4781
4782
4784
4799
4802
4811
4843
4863
4867
4869
4884
4885
4897
4898
4919
4920
4931
493901
4943
494513
497258
497259
4999
5008
5026
5029
503637
5046
50488
5049
5054
50614
50618
50649
5075
50807
50813
50859
50862
5087
5094
50940
51005
51011
51012
51020
51024
51031
51035
51043
51060
51075
51078
5108
51087
51091
51098
51105
51108
51116
51126
51143
51154
5116
51171
51176
51230
51260
51278
51279
51280
51287
51303
51306
51317
51321
51330
51343
51352
5136
51363
51386
51397
51400
51422
51429
51430
51434
5144
5145
51466
51479
51481
51496
51504
5151
51523
5154
51540
51545
51564
5157
51571
51593
51594
5160
51602
51608
5163
5164
51666
517
51715
51728
51750
51755
5176
51763
518
5192
5204
5209
5210
5223
5225
523
5230
5239
5269
528
5287
5291
5292
5306
5307
5315
5318
5321
53335
53349
5339
5343
5345
535
5357
5358
53615
53635
5376
5380
5383
53832
53833
54020
54059
54097
54145
541471
541473
541565
5420
54205
54207
54212
54221
5424
5426
5430
5431
54331
5437
5439
5442
54437
54443
54453
54454
5447
54476
54487
54502
54509
54531
54536
54540
54552
54556
54617
54663
5467
54675
54680
5469
54704
54729
54749
54758
54796
54809
54811
54822
54825
54859
548596
54880
54886
54890
54894
54897
54899
54901
54910
54938
5496
54971
54974
54986
5499
54991
54998
55004
55011
55013
55037
55038
55041
55048
55052
55055
55061
55062
55069
55074
55075
55080
55090
55105
55107
5511
55116
55160
55172
55177
55182
55194
55199
5521
55217
5522
55237
55245
55252
5527
55275
552853
55304
5531
55317
55344
55362
55364
55367
55379
554282
554313
55432
55450
5546
55486
55500
55501
55505
5551
55515
55532
55572
55585
55593
55612
55627
55640
55650
55657
55677
55684
55695
55698
55706
5571
55714
55717
55718
55720
55721
55722
55734
55743
55749
55755
55777
55798
55805
55811
55818
55821
55823
55833
55839
55850
55857
55885
55889
5590
55909
55915
5594
55967
56006
5604
56204
56243
56257
5627
56288
5629
56339
56341
5636
5638
5649
5664
56681
5675
5680
56834
56848
56889
56893
56894
56928
56931
56934
56975
56977
56980
56981
56995
56997
5701
57017
57018
57048
5709
57101
57103
57107
57122
57147
57149
57181
57186
57210
57217
57332
5737
57404
57414
574450
57446
5745
57451
57452
57460
57462
57486
57488
57491
57492
57494
57495
57496
57507
57529
57540
57552
57553
57562
57563
5757
57572
57580
57583
57587
57593
57602
57609
57613
57623
57628
57634
57643
57644
57654
57666
57678
57685
57689
57695
577
57707
5771
57730
5774
5775
57799
57804
57824
57828
5786
57862
5789
5793
5795
5799
5805
5818
58190
5820
5829
58480
58499
58508
58511
58517
587
5886
5890
5891
5901
5905
59269
59271
59307
59339
59343
5935
5937
594
5954
5955
5976
5982
5989
6002
6009
60312
60386
6046
60482
6049
6060
606500
6066
6090
6093
6101
6124
6134
6138
6142
6143
6144
6146
6147
6157
6160
6171
6173
6184
6187
6191
619207
619455
6196
6205
6208
6209
6217
6223
6228
6241
6261
6273
6274
6279
631
6310
6331
6337
6339
6368
638
6382
63875
6389
63895
63905
63910
63935
63948
63977
64090
64094
641
64109
641384
641649
64170
641702
641776
6418
64210
64223
64225
642633
6427
642757
6428
642929
64324
64327
643338
643339
64359
643854
643862
643909
644
644019
64405
64423
64427
644649
644669
644815
644890
6450
645142
645332
645355
645367
6455
645520
646066
646096
6461
646567
646799
646813
64682
646962
646982
647024
647121
647135
647166
6474
64743
64744
647476
64754
647589
64759
64763
64771
64773
64776
64779
64784
64788
64816
6483
6484
64852
64855
6487
6489
64901
649159
6497
650226
6506
65061
65065
6508
65084
6509
6510
65123
65125
6515
6517
6522
65260
653080
653113
653121
653123
653188
653361
653437
653486
653513
653550
653635
653641
653643
6541
654342
654412
654433
654499
654816
654835
6578
6580
6585
6595
6598
65983
65987
6602
6615
6617
6624
6628
6631
6640
6641
6667
6670
6711
6712
6730
6733
6764
6767
6768
677
6772
677766
677784
6778
677842
678
6786
6794
6811
6822
6829
6832
6838
6845
6856
686
6862
6874
688
689
6904
692158
6923
6926
6929
693129
693135
693153
693171
693180
693187
693204
693206
693219
6934
6935
6942
6996
7001
7008
7013
7015
7022
7023
7024
7027
7045
7049
7052
7067
7077
7112
7150
7151
7159
7162
7166
7173
7179
7187
7205
7223
7225
7226
723809
724102
7248
7260
7265
7270
7277
727758
727851
727856
727866
727905
727944
727982
728034
728095
728178
728194
728233
728239
728262
728276
728290
728294
728458
728524
728554
728577
728689
728734
728741
728763
728819
728833
728882
728945
729020
729233
729240
729246
729250
729305
729355
7294
729438
729468
729515
729533
729540
729597
7296
729759
729857
730202
730262
730971
7311
7314
732265
7334
7368
7384
7402
741
7416
7421
7425
7428
7431
7434
7443
7447
745
7461
7466
7468
7515
7517
7520
7525
7529
7531
7532
7538
7539
754
7543
7547
7555
7586
7593
7629
7633
7690
7702
7704
7707
7712
7739
7743
7746
775
7781
7789
7804
780851
780852
780853
780854
781
7813
7818
7840
7849
7852
7855
7866
7873
7879
78989
78997
790
79018
79039
79047
79050
79058
79064
79066
79098
79101
79102
79152
79175
7918
79192
79269
79412
79414
7942
79574
79577
79587
79600
79607
79616
79632
79647
7965
79651
79652
79666
79669
79690
79707
79716
79735
79745
79758
79770
79772
79796
79800
79804
79813
79820
79823
79829
7984
79868
79874
79877
79886
79906
79937
79956
79980
79999
80017
80019
80067
80097
801
80125
80142
80143
80144
80146
80161
80177
80179
8019
80208
80213
80230
80255
80271
8028
8030
80304
80314
80326
80328
80335
80346
80347
8065
80700
80727
80728
80746
80757
80789
80790
8086
81
81029
81037
8106
81099
8110
8131
81399
81539
81550
81552
81556
81565
81610
81615
81617
8165
81671
81693
81704
81844
81856
81873
81890
819
81929
820
8208
821
8216
8269
8270
8310
8313
83442
83473
8348
83481
83546
83547
8359
83593
83597
83598
83607
83638
83696
83698
83723
83786
8379
83853
83855
83858
8386
83871
83891
83938
83941
8396
83983
83989
84034
8405
84057
84059
84064
84069
84078
8412
84133
84163
84168
84176
84181
8420
84226
84231
84233
84249
8425
84254
84274
84289
84300
84305
84309
84310
84313
84318
84333
84334
8435
84364
8438
84445
84458
84461
8447
84498
84501
84503
8451
84552
84561
8460
84629
84641
84647
84651
84662
84668
84678
84726
8473
84740
84759
84766
84777
84790
84808
84823
84859
84874
84888
84899
84904
84909
84910
84912
84915
84926
84928
84951
84957
8496
84973
84978
84987
8501
8502
8505
8517
8520
8531
85319
8537
85379
8540
85406
8541
85442
85452
85453
85456
85458
85474
8549
8553
8566
8567
8568
860
8600
8602
8604
8607
8612
8623
8632
8651
8663
8676
8687
8711
87178
8728
8737
8747
8771
8787
88
881
8812
8842
8847
8883
8894
8925
8935
8986
89887
899
89932
8997
90226
9024
90249
90293
9031
90427
9043
9045
9046
9047
90523
90529
9054
90557
90580
90627
90637
90678
90693
9092
9117
9119
9123
91252
91319
9141
91433
91522
9154
91548
9159
91869
9188
9197
91978
92
92014
9204
9205
9208
9209
92105
9221
92335
9238
9252
9256
92595
9265
9266
9270
92703
92714
92715
928
92806
93099
9319
9321
9332
9349
93517
93589
93594
9369
9378
94059
9448
9452
9455
9473
9487
949
9535
9540
9569
9572
9580
9584
9587
960
9610
9611
9618
9645
9649
965
96626
9663
9670
9684
9686
9687
9688
970
9701
9704
9727
9732
9734
9742
9751
9758
9759
9766
9777
9779
9780
9782
9825
9837
9843
9851
9853
9862
9866
9867
9869
9873
9874
9883
9885
9890
9891
990
9902
9906
9910
9922
994
9946
9960
997
9973
9980
9989
999
9993
