geneId
10004
100048912
100049076
100049716
10007
100093630
100093631
100101266
100101267
100101268
100101440
100101490
10011
100124412
100124700
100125556
100126299
100126784
100126793
100128079
100128108
100128233
100128239
100128253
100128385
100128568
100128731
100128782
100128788
100128881
100128882
100129195
100129196
100129203
100129405
100129427
100129461
100129603
100129726
100129827
100129917
100129961
100129995
100130231
100130256
100130283
100130557
100130581
100130701
100130771
100130776
100130855
100130958
100130967
100130987
100131211
100131213
100131347
100131454
100131496
100131551
100131564
100131691
100131801
100131814
100131997
100132159
100132234
100132403
100132406
100132677
100132774
100132831
100132963
100133005
100133121
100133190
100133315
100133612
100133985
100133991
100134259
100134317
100134934
100134938
100137047
100144603
100147744
100151683
100151684
100169751
100169756
100169761
100169764
100169765
100169766
100170229
100174949
10018
100188893
100188949
10019
100190939
100191040
100216545
100216546
10024
10025
100268168
100270680
100271722
100271835
100271836
100271873
100271927
100272228
100287042
100287171
100287177
100287216
100287314
100287482
100287569
100287765
100287896
100288069
100288181
100288687
100288695
100288778
100288798
100288842
100289092
100289097
100289098
100289230
100289341
100289373
100289473
100289561
100291105
100292680
100293516
100294720
100302119
100302124
100302128
100302138
100302256
100302263
100302280
100302281
100302401
100302692
100302736
100303453
100303728
100306951
100310812
100313779
100313780
100313781
100313837
10036
100379345
10038
10039
100421577
100422826
100422832
100422833
100422836
100422846
100422851
100422870
100422889
100422899
100422904
100422919
100422929
100422953
100422954
100422956
100422974
100422986
100422991
100422995
100423027
100423041
10049
100498859
100499227
100499467
100500813
100500814
100500831
100500842
100500856
100500862
100500873
100500905
100502572
100505495
100505536
100505540
100505561
100505566
100505591
100505636
100505641
100505648
100505681
100505683
100505702
100505716
100505741
100505761
100505767
100505771
100505774
100505783
100505785
100505826
100505832
100505839
100505854
100505876
100505920
100505942
100505975
100505994
100506012
100506022
100506033
100506036
100506047
100506054
100506083
100506108
100506115
100506119
100506157
100506175
100506190
100506233
100506236
100506314
100506325
100506334
100506380
100506385
100506392
100506428
100506436
100506443
100506465
100506469
100506476
100506497
100506532
100506581
100506639
100506649
100506660
100506688
100506691
100506710
100506713
100506714
100506753
100506757
100506779
100506797
100506801
100506810
100506826
100506844
100506860
100506922
100507057
100507091
100507103
100507117
100507171
100507194
100507217
100507246
100507250
100507283
100507290
100507316
100507392
100507398
100507410
100507419
100507420
100507437
100507458
100507459
100507495
100507501
100507506
100507521
100507551
100507554
100507557
100507567
100507602
100507607
100507633
100507642
100507650
100507670
100508120
10052
100526737
100526739
100526740
100526760
100526830
100526832
100527943
100528016
100528018
100528022
100529063
100529209
100529239
100529241
100529251
100529261
100532726
100533107
100533952
100533955
100533975
100534593
100534595
10054
10055
10056
10057
10058
10059
10060
10061
100616117
100616122
100616126
100616158
100616163
100616168
100616169
100616193
100616231
100616258
100616278
100616282
100616294
100616300
100616301
100616341
100616342
100616362
100616367
100616370
100616376
100616378
100616394
100616406
100616416
100616432
100616436
100616480
100616484
100616499
100616668
10062
10063
100630918
100652730
100652736
100652758
100652772
100652853
10067
10071
10072
10073
10078
10079
10081
100847026
100847037
100847043
100847044
100847057
100847071
100847089
100859930
100861573
100873923
100873949
100873974
100873983
100874031
100874033
100874042
100874048
100874051
100874054
100874055
100874071
100874093
100874111
100874118
100874123
100874136
100874146
100874158
100874198
100874203
100874211
100874235
100874239
100874255
100874261
100874323
100874342
100874343
100874356
100874362
100874364
100874528
100887750
10093
10095
10097
10098
100996251
100996295
100996307
100996335
100996432
100996442
100996485
100996549
100996579
100996654
100996712
100996716
100996740
100996746
100996842
100996928
101
10102
10103
10105
101060171
101060233
101060391
101060684
10109
10111
10113
10114
10116
1012
10120
10123
10124
10127
10128
10129
10130
10131
10133
10134
10135
10137
10139
101409258
101409261
101410535
101410538
10147
101559451
10156
10159
10163
10165
10166
10171
101730217
101735302
101752400
10179
10180
10184
10188
1019
101926888
101926895
101926900
101926907
101926911
101926913
101926918
101926935
101926941
101926963
101927000
101927021
101927027
101927034
101927043
101927050
101927086
101927102
101927111
101927125
101927209
101927211
101927230
101927278
101927283
101927330
101927377
101927400
101927420
101927436
101927478
101927479
101927505
101927516
101927541
101927543
101927559
101927572
101927574
101927581
101927586
101927599
101927604
101927610
101927631
101927632
101927687
101927688
101927750
101927751
101927755
101927768
101927774
101927780
101927789
101927795
101927802
101927825
101927845
101927863
101927865
101927884
101927895
101927896
101927902
101927908
101927911
101927919
101927934
101927963
101927979
101928004
101928034
101928043
101928045
101928046
101928047
101928048
101928053
101928059
101928068
101928076
101928093
101928111
101928119
101928126
101928153
101928158
101928173
101928176
101928177
101928188
101928200
101928234
101928236
101928243
101928279
101928292
101928324
101928347
101928363
101928369
101928391
101928402
101928433
101928436
101928450
101928483
101928492
101928525
101928537
101928602
101928605
101928626
101928636
101928650
101928674
101928679
101928689
101928707
101928725
101928728
101928766
101928784
101928817
101928837
101928845
101928855
101928895
101928931
101928963
101928979
101929004
101929008
101929054
101929099
101929107
101929123
101929125
101929140
101929147
101929159
101929174
101929224
101929225
101929240
101929302
101929309
101929351
101929371
101929408
101929431
101929437
101929447
101929475
101929494
101929511
101929512
101929557
101929559
101929566
101929574
101929580
101929596
101929609
101929634
101929639
101929650
101929653
101929691
101929696
101929705
101929715
101929746
101929753
101929769
101929790
101929823
101929846
101929882
101929897
101929918
10193
101930100
101930420
10195
101954266
101954278
10196
10197
10201
102031319
10205
102060282
10207
10208
10209
1021
10212
10217
10219
10220
10221
10223
10226
10227
102288414
10236
10237
1024
10244
102464827
102464836
102465493
102465499
102465503
102465803
102465835
102465836
102465863
102465876
102465978
102466104
102466223
102466727
102466755
102466877
102466879
102466906
10247
10248
10250
10254
102577426
102606465
10262
10267
10269
1027
10270
10272
102723305
102723316
102723332
102723341
102723354
102723360
102723376
102723413
102723430
102723446
102723448
102723471
102723510
102723553
102723555
102723557
102723575
102723582
102723590
102723591
102723617
102723635
102723640
102723709
102723741
102723757
102723765
102723766
102723780
102723811
102723814
102723824
102723825
102723831
102723834
102723842
102723899
102723906
102723911
102723932
102723944
102724050
102724064
102724122
102724159
102724165
102724219
102724265
102724301
102724329
102724330
102724344
102724368
102724378
102724467
102724470
102724474
102724508
102724523
102724532
102724539
102724552
102724566
102724594
102724596
102724624
102724691
102724699
102724701
102724715
102724826
102724832
102724843
102724848
102724875
102724892
102724904
102724948
102724951
102725509
10274
10277
10280
10283
10285
10286
10287
1029
10290
10291
10295
10297
10298
103
10300
10301
10302
1031
10311
10312
10318
103191607
1032
10322
10325
10327
1033
10330
103344928
103344930
10335
10336
10347
103504727
103504731
103504733
103504739
103689846
103689912
103724387
10376
10381
10383
103908604
10392
10393
10397
10398
10399
104
10400
10403
10410
10411
10413
10419
10422
10423
10424
10425
10426
10428
1043
10435
104355135
104355295
10436
10437
10440
10443
10444
10447
10452
104564224
10460
10464
10466
10469
10473
10478
10480
10482
10485
10489
10490
10491
10492
10494
104968399
10497
10498
1050
10501
10507
10514
10518
105180390
105180391
10521
10522
10523
10524
10525
10527
10529
10533
10534
10536
105369149
105369164
105369201
105369250
105369266
105369301
105369306
105369315
105369317
105369318
105369323
105369325
105369339
105369340
105369346
105369347
105369351
105369360
105369362
105369370
105369382
105369391
105369441
105369519
105369520
105369532
105369547
105369550
105369557
105369568
105369571
105369574
105369584
105369586
105369595
105369602
105369625
105369631
105369632
105369634
105369663
105369666
105369669
105369689
105369691
105369728
105369748
105369774
105369776
105369777
105369779
105369781
105369782
105369915
105369917
105369924
105369968
105369971
105370010
105370029
105370034
105370086
105370101
105370103
105370109
105370119
105370124
105370129
105370183
105370227
105370364
105370384
105370399
105370400
105370404
105370445
105370449
105370458
105370524
105370547
105370564
105370578
105370579
105370614
105370625
105370680
105370681
105370686
105370688
105370689
105370698
105370791
105370833
105370888
105370906
105371022
105371024
105371027
105371038
105371049
105371062
105371159
105371175
105371225
105371248
105371260
105371278
105371325
105371362
105371416
105371430
105371450
105371452
105371498
105371506
105371520
105371562
105371564
105371592
105371622
105371708
105371716
105371723
105371743
105371757
105371762
105371763
105371773
105371781
105371785
105371786
105371795
105371818
105371848
105371899
105371903
105371906
105371910
105371919
105371922
105371927
105371941
105371967
105371984
105371986
105372104
105372232
105372233
105372234
105372238
105372240
105372249
105372255
105372288
105372296
105372300
105372345
105372385
105372419
105372430
105372476
105372482
105372483
105372493
105372544
105372556
105372578
105372614
105372636
105372651
105372652
105372663
105372675
105372682
105372683
105372687
105372694
105372705
105372712
105372716
105372734
105372766
105372789
105372791
105372804
105372839
105372860
105372862
105372879
105372883
105372902
105372911
105372988
105373031
105373032
105373042
105373044
105373075
105373077
105373113
105373158
105373170
105373180
105373182
105373195
105373210
105373215
105373271
105373346
105373354
105373386
105373411
105373414
105373418
105373430
105373554
105373559
105373584
105373587
105373615
105373629
105373637
105373716
105373743
105373748
105373760
105373785
105373871
105373884
105373886
105373888
105373933
105373934
105373940
105373947
105373948
105373951
105373953
105373954
105373968
105374088
105374101
105374105
105374114
105374216
105374253
105374285
105374287
105374289
105374308
105374325
105374343
105374347
105374348
105374352
105374363
105374366
105374367
105374374
105374378
105374383
105374384
105374455
105374464
105374582
105374588
105374593
105374602
105374618
105374662
105374749
105374775
105374777
105374780
105374796
105374800
105374809
105374813
105374836
105374845
105374852
105374873
105374889
105374898
105374942
105374952
105374978
105375077
105375118
105375120
105375199
105375215
105375249
105375259
105375261
105375313
105375318
105375423
105375426
105375430
105375434
105375456
105375509
105375521
105375530
105375541
105375563
105375591
105375597
105375613
105375675
105375683
105375700
105375744
105375746
105375747
105375751
105375771
105375782
105375821
105375937
105375955
105375968
105375988
105376020
105376030
105376034
105376118
105376136
105376158
105376161
105376177
105376214
105376220
105376286
105376289
105376291
105376292
105376311
105376325
105376381
105376382
105376413
105376431
105376434
105376462
105376481
105376499
105376554
105376558
105376621
105376644
105376646
105376662
105376695
105376712
105376736
105376748
105376772
105376781
105376843
105376863
105376876
105376878
105376879
105376885
105376892
105376959
105376975
105376992
105377018
105377063
105377096
105377110
105377199
105377342
105377348
105377585
105377614
105377633
105377684
105377721
105377732
105377743
105377769
105377935
105377947
105378083
105378153
105378179
105378199
105378240
105378248
105378250
105378267
105378268
105378287
105378408
105378410
105378421
105378481
105378482
105378483
105378494
105378512
105378553
105378597
105378598
105378604
105378616
105378621
105378642
105378658
105378663
105378687
105378720
105378771
105378772
105378782
105378856
105378861
105378895
105378934
105378948
105378976
105378977
105379123
105379126
105379169
105379180
105379189
105379193
105379194
105379202
105379273
105379321
105379380
105379397
105379418
105379428
105379444
105379493
105379516
10538
10540
10541
10544
10548
10549
10553
10555
10558
10564
10567
10569
10570
10572
10573
10574
105748977
10575
10576
10577
1058
10580
10581
105827617
10584
10587
10589
10591
10592
10594
106029310
10603
10606
10607
10609
10613
10614
106144532
106144568
106144593
10616
10618
10626
10627
10628
10629
10632
10635
10636
10637
10641
10642
10643
106479524
10650
10652
10653
10654
10657
10658
10663
106660606
10667
10669
106699570
10670
10671
10672
10691
10693
107080638
10713
107133515
10717
1072
10721
10728
107282092
10732
10743
10749
10750
10775
10776
10783
10785
10788
10791
10797
107983993
107983998
107984005
107984016
107984019
107984037
107984171
107984174
107984227
107984262
107984282
107984324
107984345
107984359
107984368
107984372
107984393
107984396
107984402
107984439
107984455
107984468
107984469
107984495
107984503
107984552
107984561
107984619
107984638
107984643
107984661
107984674
107984709
107984788
107984790
107984844
107984850
107984875
107984935
107984947
107984948
107984969
107984990
107984995
107985000
107985005
107985034
107985065
107985072
107985090
107985115
107985189
107985194
107985203
107985211
107985259
107985286
107985303
107985305
107985353
107985386
107985388
107985395
107985400
107985433
107985434
107985448
107985502
107985532
107985549
107985563
107985584
107985593
107985730
107985767
107985807
107985839
107985840
107985856
107985868
107985880
107985915
107985934
107985936
107985940
107985985
107986075
107986087
107986119
107986250
107986281
107986455
107986479
107986482
107986571
107986715
107986742
107986760
107986827
107986832
107986852
107986854
107986876
107986920
107986985
107986997
107987001
107987026
107987037
107987043
107987053
107987073
107987095
107987127
107987141
107987142
107987166
107987243
107987246
107987272
10801
10802
10809
10810
10811
10813
10814
10817
10827
10841
10844
10845
10847
10848
10856
10867
10868
10869
10870
10873
108783654
10890
10897
10898
10899
109
10902
10904
10913
109136579
10914
10915
10922
10926
10928
10929
10933
10935
10938
10945
10946
10947
10949
10951
10953
10954
10960
109616959
109616975
10963
10965
10969
10970
109703458
10972
109729162
109729173
109729180
109729181
10975
10978
10980
10984
10985
10987
10989
10992
10998
11004
11007
11009
110091775
11014
11016
11017
11018
11019
1102
11021
11033
1104
11042
110437700
11044
11047
11054
11057
1106
11064
11065
11066
11069
11077
11078
1108
110806271
11083
11091
11097
11100
11105
1111
11113
11117
1112
111216275
11137
11138
11140
11142
11143
11146
11152
1116
11165
11169
11170
11178
11179
11180
111822955
11184
11186
11187
11188
11202
11214
11216
11224
11226
112267909
112267932
112267983
112267993
112268089
112268090
112268096
112268098
112268184
112268198
112268203
112268235
112268269
112268458
1123
11230
11234
112398
1124
112441434
112476
112479
112487
112488736
112488738
112488745
112495
11251
112597
11260
112616
11267
11269
112694756
11273
112752
112755
112770
11282
11284
112840
11285
112903833
112939
113
113026
11311
11313
113146
11315
113177
113189
113201
11321
11325
11328
11329
11332
11333
11334
11335
11337
11338
1134
11340
11343
113451
113510
113622
113655
113828
113878
113939912
113939925
1140
114034
114036
114042
114043
114049
114088
114112
114327
1145
114757
114785
114789
114790
114794
114796
114803
114804
114825
114826
114827
114841035
114876
114879
114881
114899
114904
114984
114990
115
115098
115209
115271120
115290
1153
115330
115353
115399
1155
115509
115572
115708
115752
1158
115825
115827
1159
115950
115992
1160
116115
116228
116238
1163
116349
116412
116435278
116435297
116435298
116435302
116540
116541
116931
116983
116985
116986
116987
117145
117246
1173
1174
1175
117584
1176
118426
118433
118460
118568811
118568815
118568828
1186
118813
118827807
118827810
118827812
118827813
118881
119
119086082
119139903
119392
1195
119545625
119545626
119545629
119559
1196
119749
119863861
119863864
119863866
120017342
120071
120224
120356739
120379
1207
120766140
120766142
120766143
120766144
120766150
120863
120883614
1209
120935
1211
121260
121268
1213
121391
121551
121601
121676926
121832803
121832805
121847984
121853076
122152329
122152330
122152365
122319435
122455333
122481
122526779
122526780
122553
122616
122618
122622
122704
122769
122953
123
123096
123258399
123258400
123466213
123591
1236
123706506
123706524
123706528
123706532
123706537
123706542
123720
123879
123920
124044
124093
124222
124402
124446
124454
124512
124540
124565
124637
124641
124751
124801
124842
124900165
124900191
124900217
124900244
124900272
124900275
124900276
124900277
124900301
124900303
124900347
124900387
124900421
124900479
124900512
124900513
124900530
124900597
124900651
124900652
124900700
124900706
124900718
124900733
124900838
124900931
124900976
124901004
124901030
124901040
124901044
124901065
124901067
124901070
124901071
124901072
124901078
124901081
124901084
124901085
124901095
124901103
124901121
124901137
124901244
124901323
124901336
124901342
124901405
124901408
124901448
124901482
124901566
124901574
124901582
124901583
124901671
124901674
124901675
124901676
124901737
124901744
124901769
124901783
124901789
124901803
124901809
124901826
124901907
124901919
124901924
124901935
124901955
124901971
124901974
124902074
124902117
124902139
124902140
124902208
124902246
124902268
124902293
124902309
124902363
124902391
124902414
124902415
124902438
124902447
124902453
124902479
124902491
124902613
124902624
124902674
124902694
124902698
124902711
124902718
124902753
124902762
124902769
124902771
124902775
124902859
124902860
124902861
124902862
124902883
124902929
124902931
124902932
124902933
124902935
124902943
124902948
124902952
124902980
124902993
124903028
124903042
124903044
124903045
124903063
124903094
124903139
124903167
124903215
124903283
124903318
124903319
124903331
124903333
124903335
124903346
124903349
124903350
124903363
124903365
124903396
124903516
124903536
124903547
124903558
124903573
124903635
124903666
124903670
124903690
124903706
124903708
124903759
124903766
124903772
124903773
124903822
124903824
124903844
124903851
124903858
124903859
124903872
124903880
124903881
124903885
124903913
124903937
124903938
124903939
124903955
124903967
124903982
124904001
124904009
124904012
124904017
124904019
124904039
124904048
124904062
124904076
124904078
124904086
124904087
124904098
124904122
124904135
124904137
124904138
124904139
124904140
124904141
124904142
124904143
124904144
124904145
124904157
124904162
124904167
124904237
124904246
124904278
124904409
124904410
124904438
124904465
124904534
124904557
124904560
124904614
124904618
124904620
124904621
124904625
124904630
124904633
124904638
124904654
124904656
124904720
124904735
124904752
124904769
124904772
124904790
124904885
124904890
124904916
124904928
124904933
124904934
124904936
124904939
124904948
124904962
124904967
124904968
124904989
124904991
124904992
124904996
124905034
124905040
124905042
124905046
124905080
124905083
124905098
124905111
124905119
124905122
124905134
124905135
124905136
124905137
124905143
124905168
124905179
124905185
124905187
124905190
124905197
124905216
124905250
124905300
124905969
124905972
124905974
124906022
124906023
124906074
124906119
124906144
124906209
124906214
124906236
124906331
124906381
124907725
124907726
124907731
124907735
124907745
124907753
124907768
124907773
124907840
124907868
124907869
124907878
124907880
124907885
124907889
124907891
124907977
124908002
124909359
124909376
124909377
124909385
124909430
124909431
124909441
124909443
124909485
124923
124930
124935
124936
124995
124997
125058
125144
125150
125177370
125177376
125206
125228
125242785
125988
126074
126119
126133
126282
126299
126308
126321
126328
126374
126375
126382
126393
126526
126626
1267
126789
126792
126917
126961
127002
127138864
127138868
127294
127379715
127428
127700
127703
127733
127748585
128
1280
128071541
128178
128193289
128193293
128193295
128229
128240
128266846
128308
1284
128439
128462380
1286
128667224
128667226
128706665
128822
128826
128869
1289
128966744
129285
129293
1293
129303
1294
129401
129450
129563
129810501
1299
130013
130162
130406855
130502
130512932
130557
130589
130617
1307
130814
130872
130916
130932198
131076
131375
131474
1316
131601
131669
131965
132
132241
132565735
1326
1329
133308
133383
133418
133491
133522
133686
133957
134145
134430
134492
134510
134549
134553
1346
134637
1347
1349
1351
135114
135228
1355
136
1364
1365
1366
136853
1374
1376
137682
138151
138199
1382
1384
138639
138716
1390
1397
1398
140459
140576
140679
140685
140686
140688
140690
140699
140701
140707
140710
140807
140809
140825
140846
140873
140894
142678
142940
143187
1432
143282
1434
143684
143689
1437
143888
143941
144108
144195
144233
144404
144406
144501
144535
144715
144811
1452
145200
1453
145447
145482
145483
145567
1457
145788
145837
146
146167
146227
146512
146540
146542
146547
1466
146691
146705
146712
146754
1468
146802
1469
146909
147
147007
147040
147111
147166
147179
1473
1474
147463
147495
1476
147646
147650
1477
147727
147807
147841
1479
147912
147929
147965
147991
148014
148022
148113
148223
148254
148327
148345
148362
148413
148581
1487
148789
1489
149420
149478
1495
149773
1499
149986
149992
1500
150051
150223
150275
1503
150472
150763
150771
150776
1508
150864
1509
150921
151009
151011
151056
151171
151188
151194
151195
151254
151393
151477
151484
151507
151516
151636
151827
151903
152002
152006
152007
152100
1522
152217
152273
1523
152687
1527
152992
153090
153129
1534
153478
1535
1537
153769
153830
154881
155051
155054
155066
155370
156
1572
157310
157567
157570
157657
157777
158
158257
158314
158376
158427
158787
159
159090
159195
160
1603
160428
1605
1606
1608
160851
1609
161159
161176
161253
161394
162239
162515
1627
1628
162989
163
163033
163081
163183
163742
163782
1639
164091
1642
1643
164312
164684
1650
165055
165100
165186
1653
1654
1655
1656
1659
165918
1660
166012
1665
166785
167227
1677
168374
168620
169611
169714
170393
170463
170487
170688
170691
171017
171023
171523
171568
1716
172
1723
1725
1729
1736
1737
1739
1742
1745
1746
1748
1757
1759
1768
1770
1778
1781
1785
1786
1787
1788
1793
1798
1800
1808
1819
1820
1822
1832
1838
1841
1843
1844
1849
1855
1856
1859
1861
1874
1876
1889
1890
1892
1893
1894
1907
191
1912
1915
192286
192669
192683
1933
1936
1937
1938
1939
1942
1954
1956
1958
195828
1961
196374
196394
1964
196403
196410
196483
196527
1968
196872
196913
197342
197358
197370
1974
197407
1975
1977
1978
1981
1983
1984
1990
1992
1993
1997
199745
199746
1998
199990
200014
200081
2001
200185
200261
200298
200424
2005
200539
2006
200734
200916
2010
201134
201161
201163
201164
2012
201232
201266
201283
201292
201294
201305
2014
201501
201514
201562
201595
201625
201626
201965
2026
2027
202781
2029
202915
2030
203054
203069
203245
203260
2033
2034
203427
2035
203523
203547
2036
204
2043
2046
205
2050
2052
205251
2063
2064
2067
2068
2073
2077
2079
208
2081
2091
2100
2101
2103
2109
211
2116
2117
2118
2120
2130
2140
2145
2146
215
2157
2161
217
2172
2175
2176
218
2182
2189
219
2193
219347
2194
219402
219409
219654
2197
219731
219736
219743
219771
219844
219854
219855
219931
220002
220004
220064
220323
220729
220832
220869
220906
221
221037
221078
221091
221143
221150
221154
221178
2212
221458
221472
221477
221496
221756
221785
221786
221883
221927
221935
221937
221955
221960
222068
222171
222183
222194
222229
222255
222389
2224
222658
222950
2232
2237
224
2241
2256
2268
2272
2275
22794
22800
22803
22809
2281
22818
22821
22823
22824
22828
22835
22838
22839
22845
22847
22859
22862
22863
22864
22868
22870
22874
22879
2288
22882
22883
22887
22889
2289
22890
22897
22901
22904
22905
22907
22913
22921
22924
22927
22929
22933
22937
22974
22980
22985
22992
22993
22994
22997
23005
23013
23019
23020
23028
23030
23034
23038
23039
2305
23051
2306
23060
23061
23062
23064
23065
23071
23075
23080
23081
23082
23085
23086
23092
23094
23095
23097
2310
23102
23105
23107
23113
23116
23118
2313
23130
23131
23135
23139
23140
23141
23142
23143
23148
23151
23152
23154
23160
23163
23165
23168
2317
23170
23171
23172
23173
23174
23176
23177
23186
23187
23189
2319
23193
23195
23197
23198
23199
23204
23207
23211
23212
23214
23223
23225
23234
23235
23236
23240
23241
23243
23247
23248
23252
23253
23256
23259
23261
23262
23264
23265
23268
23269
23272
23279
23286
23288
23291
23293
23295
23299
2330
23306
23310
23314
23315
23321
23326
23327
23333
23338
23344
23349
2335
23353
23354
23355
23357
23360
23361
23363
23365
23366
23367
23369
23371
23373
23380
23381
23383
23387
23389
23396
23397
23399
23404
23408
2342
23428
23430
23433
23435
23450
23451
23457
23468
23475
23479
23481
23491
23492
23498
23499
23504
23505
23506
23509
23510
23512
23514
23518
2352
23521
23526
23529
2353
23534
23536
23543
23545
23546
2355
23550
23551
23555
23557
23558
2356
23567
23588
23600
23603
23612
23613
23614
23616
23623
23633
23635
23640
23642
23645
23647
23649
23650
23654
23660
23677
23705
23753
23759
23760
23761
23774
23786
238
2395
241
24140
24142
24147
24148
242
245929
246243
246269
246721
246777
2475
248
25
2512
2517
2519
2521
2528
2530
253039
253143
2534
253461
253639
253832
2539
253980
253982
254042
254128
2542
254225
254268
254359
254552
2547
254896
254956
255031
2551
255104
255189
2553
255374
255512
255738
255758
255783
256281
256364
256714
256987
2570
257062
2571
257169
257177
257203
257415
25764
25766
25771
25777
25780
25793
25797
25798
2580
258010
25814
2582
25821
25828
25829
2583
25831
25837
25839
25841
25845
25847
25852
25853
25855
25862
25870
25873
25875
25879
25885
25886
25896
25900
25902
25904
25906
25912
25915
25921
259217
25923
259266
25929
25930
25936
25942
25946
25948
2595
25953
2596
25961
25970
25973
25980
25983
25987
25989
26001
26003
26005
26007
26009
26010
26012
26013
26015
26018
26019
26030
26031
26037
26039
260425
260429
26043
26048
26056
26059
26061
26065
26070
26080
26086
26088
26090
26091
26092
26093
26097
26100
26118
26119
26123
26127
26130
26133
26135
26140
26145
26147
26150
26151
26156
26160
26164
26168
261726
26173
2618
262
26205
2621
2622
26227
26229
26234
26258
26259
26262
26263
26267
26268
26271
26272
26287
2629
26297
26298
2630
2631
26354
26468
26469
2648
2649
26499
26502
26504
26509
26517
26519
2652
26520
26521
26524
26528
26580
26608
2661
2664
2665
266675
267002
267010
26750
26765
26778
2678
26807
26808
26811
26827
26829
26830
26831
26832
26851
26864
2687
269
26984
26986
2700
27018
27020
27030
27037
27040
2707
27076
27077
27095
271
27106
27107
27109
27112
27120
27121
27122
27129
27131
27132
27143
27148
27166
272
2720
27229
27230
27236
27237
27238
27243
27245
27247
27250
27252
27258
2729
27290
27297
27301
27314
27315
27316
27333
27338
27339
2734
27342
27346
27349
27352
2736
2737
2738
274
27429
27434
2744
2745
2752
2760
2764
2767
2768
2769
2771
2773
2774
2778
2793
2799
2800
2805
2810
2817
2820
2821
28231
28232
282616
2827
2829
282969
282973
282974
282991
282996
283050
283080
283130
283131
283149
283214
283232
283254
283314
283337
283358
283377
283403
283404
283455
283489
283537
283551
283575
283579
283596
283635
283643
283673
2837
283748
283869
283871
283876
283899
283922
283951
283987
283989
283991
283994
2840
284001
284023
284029
284040
284080
284086
284098
284114
284116
284124
284186
284207
284325
284339
284346
284352
284353
284365
284402
284412
284439
284454
284498
284565
284615
284648
284649
284739
284798
284889
284942
284948
284958
284996
285033
285043
285051
285074
285148
285150
285193
2852
285266
285268
285282
285367
285368
285407
285440
285456
285489
285521
285525
285601
285659
285768
285780
285782
285847
285855
285857
285888
2859
285943
285958
285989
286053
286097
286128
2862
286204
286205
286256
286257
286262
286333
286410
286753
286826
2870
2872
2876
2886
2896
28960
28962
28964
28969
28970
28984
28988
28989
29
2900
2902
29028
29035
29057
29068
29074
29088
29089
2909
29093
29095
291
29101
29102
29103
29107
29109
29115
29123
29127
29128
2923
2926
2931
2934
2936
2937
2950
2954
2956
2957
2958
2962
2969
2970
2971
2972
29763
29766
29780
29781
29789
29798
29843
29855
29882
29886
29888
29889
29890
29893
29895
29896
2990
29901
29902
29903
29907
29911
29914
29924
29925
29926
29933
29940
29941
29943
29946
29949
29950
29952
29954
29960
29968
2997
29970
29994
29997
29998
30000
30011
3005
3013
302
3020
3021
3028
3029
303
3032
3038
3054
306
3065
3068
3069
307
3073
30811
30815
30819
3083
30850
30851
3092
30968
3099
31
3108
3141
3145
3146
3148
3151
3155
3159
3162
3163
3164
317671
3177
317762
317772
317781
318
3182
3183
3185
3189
3190
3191
3192
3200
3201
3203
3204
3205
3214
3216
3218
3221
3222
3224
3226
323
3235
3251
3268
327
3276
3280
3281
3291
3294
3300
3308
331
3310
3311
3315
332
3320
3326
3337
3338
333932
3340
3376
338567
338653
338692
338694
338699
338707
338799
339122
339192
339229
339230
339318
339324
339327
339403
339456
339487
3396
339674
339778
339779
3398
339874
339894
339988
340037
340061
340073
340260
340544
340591
340706
341
341346
3417
342096
3421
342132
342850
342909
342977
343099
343263
3442
347088
347344
3475
347516
3476
347732
347733
347734
3479
347918
3480
348174
3482
348235
348262
348303
348654
348751
348761
3489
348938
348980
348995
349152
349565
349667
350
352954
353
353322
353324
3565
357
3572
3586
359
3595
359948
360
360132
360200
3603
3607
3613
3614
3615
3621
363
3632
3646
3651
3652
3654
3655
3658
3659
3661
3678
3682
369
3691
3693
3704
3705
3706
3710
3712
3714
3717
3718
3720
3726
3728
3732
374286
374291
374395
374666
374920
375
375035
375057
375248
375260
375287
375318
3755
375593
375607
375719
375757
375790
375791
3758
3762
376497
376940
3778
377841
378805
378825
378832
378938
379
3795
3799
3801
382
3831
3832
3835
3838
3840
3845
3852
3853
3856
386607
387
387032
387066
387332
387338
3875
387521
387522
387628
387640
387707
387723
388
388115
388323
388324
388341
388389
388536
388564
388588
388685
3887
388743
388759
388780
388796
388830
388906
388948
388963
389170
3892
389203
389333
389337
389362
389524
389538
389541
389641
389652
389677
389692
389741
389827
389840
3899
389906
390792
3909
390928
391
3911
3916
392
3927
393
3930
3939
3954
3955
3956
3958
3959
396
3960
3964
3976
3983
3984
3985
3987
3990
3995
3996
399665
399671
399687
399746
399818
399900
399909
399972
399975
399979
400
4000
400073
400236
400499
400533
400555
400569
400581
400619
400629
4007
400710
400743
400752
4008
400839
400867
400916
400927
400960
400986
400999
401014
401074
401164
401232
401320
401331
401472
401561
401563
401585
4016
4017
402483
402682
403313
403323
4037
4038
404093
4041
4053
4054
4055
4057
406
406930
406937
406945
406968
406984
406991
407011
407017
407037
407975
408
4084
4088
409
4091
4097
41
4123
4124
4134
4140
4141
414245
414918
414919
414926
4150
415116
4157
4163
4172
4173
4174
4175
4176
4179
4185
4188
4191
4194
4201
4204
4209
4211
4218
4232
4241
4245
4248
4282
4292
4294
4296
4297
4299
430
4313
4323
4335
4343
435
4351
4352
4358
439
439931
440026
440044
440072
440081
440104
440132
440153
440275
440288
440313
440350
440352
440354
440390
440423
440567
440574
440584
440585
440600
440603
440672
440689
440888
440894
440900
440944
440957
441108
441124
441172
441194
441212
441263
441272
441273
441307
441374
441478
441581
441687
442497
442582
442891
442900
4430
4436
4439
444882
445571
4485
4486
448831
4493
449520
4502
4507
4520
4521
4524
4528
4534
4547
4548
4591
4597
4598
4599
4605
4607
4608
4609
4615
4616
4627
463
4636
4641
4642
4644
4650
4651
466
4666
4668
4669
467
4670
4673
4676
468
4681
4683
4691
4694
47
4701
4707
471
4716
472
4720
4728
473
4731
4733
4736
475
4752
476
4771
4773
4775
4779
4780
4782
4784
479
4790
4799
4800
4801
4802
4809
4820
4828
4830
4831
4836
4839
4841
4849
4860
4862
4864
488
4884
4885
4891
4893
4898
4899
4919
4923
4927
4928
493812
493856
4939
493900
494115
494188
4943
494335
494513
494514
4946
4951
4952
4967
4968
49854
50
5001
5003
5008
501
5023
5033
5048
50488
5049
5050
50515
5052
5054
506
50614
50619
5062
50636
50650
5066
5079
50807
50813
50853
50861
50863
5091
5094
5096
51001
51005
51006
51008
51009
51010
51019
51024
51028
51030
51031
51035
51042
51043
51053
51056
51060
51067
51068
51070
51071
51072
51073
51074
51078
5108
51083
51084
51087
51090
51092
51093
51095
51096
51097
51102
51108
5111
51112
51116
51118
51119
51123
51126
51128
51130
51131
51132
51133
51138
51141
51143
51144
51147
51150
5116
51160
51163
51177
51188
51193
51195
51204
51222
51226
51227
51230
51234
51237
51246
51249
5125
51252
51258
51259
51260
51263
51265
5127
51272
51275
51277
51278
5128
51287
51293
51295
51299
513
5130
51303
51307
51315
51317
51321
51324
51329
51330
51333
51335
51341
51352
51360
51363
51371
51373
51374
51379
51380
51382
51384
51385
51386
51388
51393
51397
51399
514
51406
51409
51421
51422
51428
51429
51433
51434
5144
51447
51451
51455
5146
51465
51474
51490
51491
51495
51496
515
51504
51506
51507
51510
51512
51522
51523
51530
51531
51533
51537
5154
51540
5155
51561
51564
51571
51575
51585
51586
5159
51593
51596
51599
51602
51604
51606
51608
51614
5163
51631
51637
51642
51645
51651
51655
51659
51661
51663
51666
51669
51684
51692
51693
517
51714
51720
51735
51747
51750
51752
51754
51755
5176
51763
51764
51776
518
51808
5184
5187
5188
5190
5192
5195
5198
5204
5209
5210
5214
5217
5228
5245
5253
5261
527
5279
5286
5292
5293
5295
5296
5303
5315
5316
5318
5319
5329
53335
53340
53349
53373
5339
5347
535
5351
5355
5358
5360
53615
5366
5372
5380
53827
53831
53838
539
5395
540
54036
54059
54102
54103
5411
5414
541471
541473
541565
54205
5424
5425
5427
5430
5432
5433
54344
5435
5436
5437
5439
5441
5442
54432
54433
54434
54436
54437
54440
54443
5445
54458
5447
54475
54478
54480
54487
54496
54509
54517
54520
54522
54531
54537
54539
54542
54552
54567
54579
546
54606
54617
54620
54623
54629
5463
5464
54658
54663
5467
54676
5469
54704
54707
54726
54732
54733
54756
54764
54765
54788
5479
54793
54801
54802
54808
5481
54814
54815
54820
54821
54825
54838
54843
54847
54858
54859
548596
54863
54865
54867
54870
54872
54879
54880
54888
54890
54892
54894
54896
54899
54904
54910
54914
54915
54919
54920
54922
54926
54929
5493
54932
54934
54938
54939
54944
54948
54954
5496
54960
54961
54962
54963
54964
54971
54974
54978
54980
54982
5499
54991
54998
55004
55005
55006
55007
55009
5501
55010
55012
55018
55032
55035
55037
55038
5504
55048
55049
55052
55055
55057
55061
55063
55068
55069
55071
55074
55075
55080
55094
55107
55108
55109
55111
55112
55116
55118
55119
55122
55124
55125
55135
55139
5514
55144
55150
55157
55159
55160
55167
55172
55173
55179
5518
55181
55182
55187
55188
55192
55199
55200
55210
55222
55226
5523
55231
55237
55238
55245
55246
55249
55251
55252
55253
55254
55260
55262
55269
5527
55270
55272
55277
5528
55280
55287
55291
55295
55299
5531
55311
55316
55317
55319
55324
55325
5533
55330
55332
5534
55341
55344
55351
55353
55357
5536
55361
55364
55367
5537
55370
55374
55379
554201
55421
554313
55504
5551
55532
55553
55556
55559
5557
55572
55577
55585
55593
55596
55602
55608
55609
55611
55612
55617
55620
55622
55624
55625
55626
55627
55629
55634
55646
55650
55652
55653
55654
55658
55661
55666
55668
55669
55670
55671
55677
55683
55687
55689
55691
55692
55695
55696
55697
55700
55702
55704
55706
55707
5571
55718
55719
55720
55721
55722
55729
5573
55731
55733
55734
55735
55737
55739
55741
55744
55749
5575
55759
5576
55764
55773
55775
55776
55778
55785
55787
55795
55798
558
5580
55802
55805
55809
5581
55810
55813
55818
55821
55824
55827
5583
55832
55833
55835
55839
55845
55850
55857
55863
55867
55871
55884
55889
55892
55898
5590
55905
55907
55909
55915
55929
5595
55954
55959
55967
55969
5597
55971
55974
5598
56005
56006
5604
5605
56052
5606
56063
5608
5610
56180
5621
56252
56259
56262
5627
56339
56342
5635
5636
56478
5650
5653
5660
56616
56652
56681
56731
5681
56834
56848
5686
56889
56893
56894
56896
5690
56900
56901
56905
56907
5691
56912
56913
56915
5692
56926
56928
5693
56931
56937
5694
56945
56948
5695
56950
56953
56957
56965
56970
56980
56981
56984
56990
56993
56997
57001
57003
5701
57017
5702
57026
57048
5709
57091
57096
57099
5710
57106
57122
57130
57132
5714
57140
57143
57149
5715
57154
57165
5717
57171
57175
57178
5718
57180
57181
57182
57184
57187
57214
57217
57223
57224
57228
5723
5725
5727
57291
57332
5740
57404
57405
57406
57410
57418
574407
574456
57446
57448
57449
5745
574508
57451
57452
57455
57460
57461
57465
57466
57470
57479
57488
57491
57501
57504
57506
57507
57510
57519
57521
5753
57532
57533
5754
57542
57553
57555
5756
57563
57568
5757
57571
57576
57578
57580
57582
57583
57585
57587
57591
57594
57596
57597
57602
57605
57609
57611
57619
57621
57623
5763
57630
57644
57646
57647
57648
57654
57655
57669
57673
57674
57678
57679
57680
57690
5770
57704
57706
57707
57708
5771
57716
57720
57722
57730
57731
57732
5774
57758
57761
5777
57787
57799
578
5780
57804
5781
5782
57828
57835
5784
5786
57862
57864
5791
5795
581
5813
5814
5817
5818
5819
58190
5820
5829
5831
5832
5836
58486
58487
58490
58499
58506
58517
58528
58538
5861
5866
587
5871
5872
5876
5877
5879
5883
5886
5887
5890
5891
5893
5894
5900
5901
5903
5905
5908
5913
5914
5916
5923
5925
59269
59271
5928
59307
5932
5933
59339
59343
59349
5935
59352
5936
5937
5939
595
5954
5971
5977
598
5980
5982
5983
5984
5989
599
5990
5991
5998
60
6002
6009
6011
6029
60312
60343
6036
60370
60386
60412
60487
60489
6049
60490
60491
6050
60506
60526
60528
60529
60560
60561
60625
6063
606500
6066
60672
60674
60685
60686
6090
6093
6094
6095
6117
6118
6120
6122
6125
6128
6129
613
6130
6134
6135
6136
6138
6142
6143
6146
6150
6152
6155
6156
6157
6159
6160
6161
6165
6166
6167
6169
617
6170
6173
6184
6185
6187
6188
6189
6191
619207
619279
6194
619434
6199
6205
6206
6207
6208
6209
6210
6217
6218
622
6223
6228
6229
6232
6239
6240
6241
6242
6249
6256
6261
6271
6273
6275
6294
63027
631
6310
6311
6314
6319
6320
6327
6331
6337
638
6382
6385
63892
63898
63905
63908
63910
63915
63920
63925
63929
63931
63940
63941
63948
63967
6397
63977
6398
64065
64073
64080
64087
64090
64096
64097
64109
64110
64114
64129
64132
641371
641384
64145
64146
64147
64149
641649
64167
64170
641702
641776
6418
6421
64210
64215
64221
64223
64225
64236
642517
6426
642633
642648
6427
642757
6428
642819
64282
64283
642846
64288
6429
6430
6431
643136
64319
6432
64324
643253
64327
64328
6433
643339
6434
64342
64359
643641
64374
64375
643770
643836
643977
64398
644019
64405
644096
64411
64412
6442
64421
64423
64425
64426
64427
64429
64432
644353
644656
644669
644838
644873
644890
6449
64493
645
645158
6452
645212
645332
6455
645520
6459
64599
646000
64601
646024
646066
6461
646799
6468
646813
64682
646982
647024
64710
64711
647121
647135
64718
6472
647310
64743
647589
64759
64761
64763
64766
6477
64771
64776
64781
64782
64785
64787
64788
64795
647979
64801
6483
64834
6484
64847
64848
64852
64855
64857
64859
6487
6490
6491
64924
64925
64928
6494
649446
64949
64951
64960
64968
64976
64978
64979
6498
64981
65003
65008
65018
650226
65056
65057
6506
65061
650669
65078
65082
65095
6510
65108
65117
65125
6513
6515
6517
6520
6522
65220
652276
65243
65244
6525
65258
65263
65264
65265
653080
653145
653333
653381
653390
653479
653583
6536
653635
653641
653677
653820
653857
6541
654322
654342
654412
654433
654466
654499
6548
654816
654817
654835
655
6553
657
6573
6583
6584
6585
659
6595
6597
65975
65979
65987
6599
65992
65998
66005
6601
6602
6604
6605
6613
6615
662
6621
6624
6625
6628
663
6631
6635
6636
6640
6641
6648
6654
6666
6667
6670
6676
6678
6709
6710
6711
6712
6714
6718
672
6720
6721
6726
6728
673
6730
6733
6741
6742
6745
6747
6749
675
6755
6764
677
6772
677766
677784
677826
677841
6786
6787
6793
6809
6810
682
6820
6827
6829
6838
6839
6843
6844
6850
6855
686
6865
6868
6871
6872
6878
688
6881
6888
6894
6895
6903
6904
6908
6911
6919
692094
6923
6924
6926
6929
693170
693187
693191
6932
693200
693204
693219
693226
693230
693233
6934
6942
6944
6945
6949
7003
7005
7008
701
7012
7014
7015
7023
7027
7036
7037
7039
7045
7046
7050
7052
706
7067
7077
708
7082
7083
7084
7086
7089
7090
7108
7109
7112
7123
7125
7132
7133
7150
7151
7153
7156
7159
7167
7168
7170
7171
7172
7177
7179
7185
7187
7226
7247
7248
7260
7265
7266
727676
727684
7277
727758
727851
727856
727857
727866
727897
727905
728034
728294
728458
728558
728568
728577
7286
728642
728661
728689
728741
728743
728752
728833
728888
7289
729082
729233
729240
729246
729250
729515
729533
729540
729597
7296
729668
7297
729723
729759
730091
730092
730112
730668
7311
731223
7316
731656
7322
732265
7326
7329
7335
7336
7342
7343
7351
7368
7371
7372
7374
7376
7379
738
7384
7391
7392
7398
741
7411
7415
7416
7417
7419
7421
7425
7428
7433
7434
7453
7454
7456
7458
7461
7465
7466
7469
747
7482
7514
7516
7517
752
7520
7529
7531
7532
7533
7534
7535
7536
7538
754
755
7551
7553
7579
7586
7589
7592
7621
7633
767557
7690
7699
7703
7707
7709
7733
7739
775
7750
7753
7762
7763
7764
7775
7779
7784
779
7798
7804
780851
780852
780853
780854
7812
782
7840
7841
7849
7851
7862
7866
7867
7869
7873
7874
78989
78992
78994
78995
78996
78998
790
79000
79002
79004
79009
79015
79017
79018
79020
79026
79031
79033
79036
79037
79038
79039
79047
79048
79053
79054
79058
79064
79066
79068
79075
79077
79080
79081
79087
79094
79095
79096
79098
79102
79109
79134
79142
79155
79157
79160
79171
79175
79177
79178
79187
79269
79365
79411
79412
79414
7942
79442
79447
79572
79574
79585
79586
79590
79594
79609
79613
79628
79629
79631
79637
79646
79650
79652
79663
79666
79671
79677
79696
79697
79703
79706
79707
79714
79716
79717
79720
79724
79728
79731
79735
79745
79748
79751
79758
79759
79763
79783
79791
79803
79811
79812
79814
79828
79829
79830
79831
79833
79840
79842
79850
79868
79873
79874
79877
79882
79886
79894
79899
79901
79902
79908
79915
79917
79918
79922
79927
79929
7993
79934
79937
7994
79943
79961
79962
79971
79980
79991
79999
8000
80004
80011
80017
80018
80019
80020
80021
80022
80028
80045
80054
801
80110
80119
80125
80127
80129
80142
80146
80149
80152
80153
80155
80157
80179
8019
80194
80206
80207
80208
8021
80213
80218
80219
80221
80222
80227
80228
80230
80232
80233
80255
80262
80273
80279
8028
80301
80308
80311
80315
80317
80320
80321
80325
80326
80335
80346
80347
80381
8061
8065
80700
80705
80724
80727
80746
80757
80762
80775
80777
8078
80789
8079
80790
8082
80823
8085
80854
8086
8087
8089
8091
80975
81
8106
8131
8139
8140
8148
81488
81490
81544
81550
81552
81554
81562
81565
81570
81575
81576
8161
81611
81615
81617
81620
81621
81622
81626
81628
8165
81669
81671
81689
817
81704
8174
8178
81786
81844
81848
81858
81873
8189
81890
81892
81894
819
8192
81929
8200
8202
821
8216
8218
8225
823
8237
8239
824
8242
8269
8270
8273
8289
8291
8301
8312
8313
8318
832
8326
833
8331
8332
8341
83440
83442
83443
83450
83451
83463
83473
83475
8348
8349
8350
83543
83597
83605
83607
83637
83638
83639
8367
83693
83694
83699
8370
83707
83715
83719
83723
83737
83742
83743
83759
83786
8379
83854
83855
83858
83873
83874
83881
83886
83891
83892
83930
83931
83938
83941
83943
83955
8396
8398
83985
83986
83999
840
84034
8405
84056
84057
84061
84062
84069
8407
8408
841
84102
84105
8412
84126
84132
84133
84134
84142
84154
84163
84164
84171
84174
84176
84181
84182
84187
84197
842
84219
84231
84233
84236
84245
84249
8425
84254
84255
84256
84260
84261
84263
84266
84267
8427
84270
84274
84278
84280
84288
84289
84296
84298
843
84300
84303
84306
84309
84310
84313
84318
84326
84330
84331
84334
84336
84364
84365
8437
8438
84418
84432
84440
84444
84445
84446
84447
84448
84450
84461
8448
8450
8451
84513
84522
84524
84532
84547
84549
8455
84557
84612
84617
84622
84627
84628
84629
8464
84650
84680
84681
84687
84695
8470
84709
84717
84727
8473
84740
84759
84765
84771
84777
84787
84790
8480
84818
84820
84823
84826
84833
84836
84842
84844
84864
84874
84878
84879
84883
84886
84895
84897
84900
84901
84902
84904
84905
84908
84909
84910
84913
84919
84920
84924
84926
84928
8493
84936
84946
84951
84959
8496
84962
84969
8497
84975
84981
84986
84987
84988
85007
8501
85015
8502
85028
8503
8508
8514
8517
8519
85235
8525
8527
8530
85302
85313
85319
8533
85364
85377
85378
85407
8541
85415
85441
85446
85452
85456
85458
85459
85461
85474
85478
8560
8563
8566
8567
8568
8570
8572
860
8602
8603
8607
861
8614
8623
8631
8637
864
8650
8659
8661
8663
8664
8666
8673
8674
87
8704
871
8714
87178
8724
8725
8726
8728
873
8732
8737
8738
8741
8751
8763
8766
8772
8773
8774
8784
8787
8798
88
8813
8816
8817
8828
883
8833
8836
8837
88455
8847
8848
8853
8861
8862
8869
8871
8872
88745
8878
8880
8881
8882
8884
8890
8891
8893
8894
8899
8905
8907
8914
8925
8934
894
8943
8974
89781
89782
89797
89845
89849
8985
8986
89887
89891
899
89941
89944
89958
8996
8997
90102
9014
9019
90196
9020
9024
90271
9031
90313
90317
90324
90338
90353
90381
9039
904
90411
90417
90423
90427
9043
9045
9047
90480
9049
90522
9054
90557
9056
9057
90624
90627
9064
9070
9080
90806
90861
90874
9088
9092
9094
91
91010
91039
9107
91107
9113
9119
9121
9123
9125
91252
91272
91283
9129
91304
9133
9135
9138
91404
9141
9144
91445
91461
91544
91574
9158
91582
9159
916
91653
9167
91683
9169
91695
91703
91748
91754
91782
91801
9181
91828
91833
9184
91869
9188
9189
9191
91977
9200
92014
9202
9203
9204
9205
9208
92105
9212
9214
92140
92162
9217
92170
9219
92196
9221
92241
92259
92270
9231
92335
92345
9238
92399
9240
9249
92521
9253
9255
92579
92595
9260
92609
9265
9266
927
92714
92715
9274
92745
9275
92799
928
9282
92822
9283
9284
92840
92856
92906
92912
9294
92949
93099
9318
93273
9329
9334
93343
9337
9344
93487
9349
9351
9354
93550
93589
93594
93621
93624
93643
9377
9380
9381
9382
939
9392
94015
9403
94056
94059
9409
94097
9410
9412
94120
94134
9416
9419
9423
94234
943
9441
9448
9477
9487
949
9498
9501
9507
9513
9517
9518
9521
9526
9533
9536
9538
9540
9542
955
9550
9553
9555
9556
9567
95681
9569
9572
9575
9578
9580
9581
9582
9584
9592
960
9601
9603
9604
9610
9611
9612
9617
9618
9620
9631
9633
9636
9637
9645
9646
9647
965
9654
9662
96626
9673
9677
9678
9679
968
9681
9682
9684
9686
9687
9690
9698
9700
9701
9704
9709
9710
9719
9725
9730
9732
9733
9739
9744
9749
9751
9755
9757
9759
9766
9768
977
9772
9775
9777
9782
9791
9792
9797
98
9802
9804
9810
9812
9817
9818
9819
9820
9825
9828
9830
9833
9836
9837
984
9851
9855
9857
9861
9869
9871
9873
9879
9882
9883
9889
9891
9894
990
9901
9903
9905
9906
9907
9910
9911
9919
9922
9925
9927
9929
993
9933
994
9945
9946
9950
9953
9960
9963
9965
9967
997
9978
9980
9984
9986
9987
9991
