geneId
10001
10004
100048912
100049076
100049716
10006
10007
10008
100093631
100101148
100101266
100101267
100101268
100101440
10011
100124412
100124700
100126329
100126348
100126447
100128071
100128108
100128124
100128127
100128239
100128276
100128310
100128553
100128560
100128731
100128782
100128788
100128881
100128882
100128946
100129094
100129175
100129387
100129460
100129464
100129484
100129603
100129669
100129726
100129827
100129995
10013
100130256
100130264
100130283
100130348
100130557
100130581
100130894
100130950
100130967
100130987
100131060
100131454
100131496
100131691
100131755
100131997
100132057
100132062
100132147
100132159
100132174
100132247
100132273
100132403
100132406
100132463
100132741
100132831
100132832
100132994
100133005
100133036
100133091
100133161
100133190
100133204
100133205
100133612
100133957
100133985
100134259
100134317
100134938
100151683
100169751
100174949
100188893
100190939
100191040
100192378
100216479
100216545
100233209
100268168
100270679
100270680
100271835
100271836
100271927
100272228
100286844
100286925
100286979
100287036
100287102
100287171
100287178
100287216
100287314
100287327
100287441
100287513
100287596
100287722
100287896
100288069
100288142
100288198
100288486
100288687
100288695
100288778
100288798
100288805
100288842
100288911
100289097
100289274
100289341
100289373
100289388
100289574
100292680
100294720
100302111
100302126
100302128
100302136
100302138
100302150
100302168
100302220
100302225
100302246
100302256
100302263
100302278
100302281
100302282
100302692
100303453
100303728
100306951
100310812
100310846
100313781
100316868
100335030
100419170
100419743
100421372
100422556
100422558
100422826
100422833
100422834
100422836
100422846
100422858
100422863
100422870
100422889
100422919
100422951
100422956
100422974
100422988
100422995
100422999
100423000
100423016
100423027
100423029
10045
10046
10048
10049
100499467
100500808
100500816
100500820
100500832
100500836
100500856
100500859
100500862
100500869
100500881
100500883
100502572
100505385
100505495
100505501
100505561
100505570
100505583
100505676
100505771
100505797
100505832
100505839
100505894
100505909
100505920
100505948
100505975
100505984
100505994
100506047
100506054
100506076
100506108
100506119
100506123
100506175
100506207
100506258
100506274
100506380
100506392
100506428
100506443
100506446
100506469
100506497
100506563
100506581
100506622
100506649
100506660
100506688
100506691
100506753
100506757
100506779
100506797
100506826
100506844
100506869
100506881
100506922
100506990
100507057
100507071
100507091
100507118
100507127
100507194
100507203
100507217
100507244
100507246
100507299
100507303
100507321
100507373
100507410
100507419
100507420
100507435
100507437
100507459
100507462
100507500
100507501
100507513
100507521
100507528
100507551
100507554
100507562
100507564
100507582
100507602
100507633
100507639
100507747
100508046
100508120
100509894
100526737
100526830
100526835
100526836
100528018
100529067
100529239
100529241
100529261
10053
100533952
100533955
100534593
100534611
10055
100551499
10057
10061
100616123
100616126
100616168
100616187
100616193
100616215
100616231
100616258
100616271
100616272
100616278
100616310
100616337
100616343
100616364
100616370
100616376
100616413
100616417
100616432
100616433
100616435
100616436
100616475
100616499
100616530
10062
100630918
100631378
100652758
100652846
10071
10079
1008
10084
100846995
100847001
100847018
100847024
100847026
100847033
100847037
100847047
100847062
100847064
100847071
100847089
10085
100861522
100861547
100861550
100861555
100873923
100873930
100873973
100873989
100874012
100874033
100874048
100874074
100874100
100874115
100874123
100874126
100874128
100874131
100874136
100874146
100874156
100874158
100874182
100874197
100874198
100874205
100874211
100874221
100874222
100874235
100874239
100874255
100874261
100874308
100874334
100874342
100874343
100874356
100874366
100874370
10098
100996295
100996307
100996335
100996437
100996442
100996485
100996590
100996662
100996664
100996712
100996720
100996724
100996732
100996746
100996763
100996842
100996902
100996928
101
1010
10102
10105
101059948
101059953
10106
101060091
101060226
101060233
101060321
101060391
101060498
101060553
101060684
101060691
10114
10116
101180976
1012
10120
101241902
10127
10129
10131
10138
101410535
10156
1016
10162
10163
101669767
101730217
101735302
101752400
10178
10179
10180
101805492
10184
10186
10188
1019
101926888
101926900
101926903
101926924
101926928
101926933
101926941
101926960
101926963
101926975
101926977
101927021
101927045
101927046
101927050
101927057
101927060
101927066
101927072
101927078
101927082
101927084
101927109
101927115
101927125
101927143
101927150
101927179
101927209
101927213
101927230
101927242
101927245
101927256
101927285
101927289
101927305
101927334
101927365
101927367
101927375
101927388
101927392
101927400
101927415
101927424
101927438
101927459
101927461
101927502
101927506
101927516
101927522
101927531
101927543
101927550
101927572
101927574
101927597
101927612
101927615
101927621
101927627
101927631
101927697
101927700
101927735
101927765
101927774
101927780
101927795
101927825
101927866
101927934
101927961
101927974
101927979
101928001
101928004
101928012
101928031
101928034
101928045
101928046
101928059
101928063
101928076
101928079
101928103
101928111
101928119
101928120
101928135
101928154
101928158
101928173
101928176
101928177
101928188
101928195
101928200
101928243
101928270
101928271
101928287
101928292
101928295
101928333
101928369
101928402
101928403
101928433
101928492
101928495
101928509
101928563
101928570
101928595
101928599
101928602
101928603
101928605
101928617
101928626
101928636
101928646
101928649
101928656
101928679
101928708
101928716
101928720
101928737
101928767
101928784
101928817
101928820
101928842
101928868
101928895
101928911
101928944
101928973
101928979
101929002
101929008
101929054
101929058
101929095
101929125
101929147
101929151
101929153
101929172
101929184
101929194
101929196
101929212
101929218
101929231
101929240
101929244
101929265
101929302
101929322
101929378
101929407
101929420
101929460
101929467
101929479
101929484
101929494
101929539
101929547
101929557
101929559
101929566
101929567
101929595
101929596
101929625
101929634
101929646
101929680
101929691
101929692
101929700
101929704
101929715
101929736
101929753
101929770
101929823
101929894
101929902
101929918
101929937
101929959
10193
101930053
101930100
101930276
101930420
10194
10195
101954204
101954266
101954267
101954276
101954277
10196
10198
10200
10205
102060282
10217
10221
102216268
10225
10227
10228
102288414
10232
10236
1024
102464817
102465137
102465437
102465468
102465497
102465529
102465666
102465692
102465836
102465860
102465863
102465909
102466223
102466656
102466727
102466889
102467213
102467655
102546228
102546229
102557615
10256
1027
10270
102723316
102723341
102723345
102723348
102723350
102723354
102723360
102723364
102723376
102723390
102723427
102723439
102723442
102723448
102723475
102723510
102723512
102723517
102723525
102723543
102723552
102723553
102723560
102723639
102723640
102723696
102723765
102723780
102723809
102723824
102723825
102723834
102723842
102723849
102723854
102723859
102723875
102723886
102723906
102723911
102723932
102724023
102724039
102724048
102724050
102724064
102724094
102724122
102724135
102724150
102724168
102724200
102724207
102724219
102724224
102724238
102724265
102724294
102724329
102724338
102724368
102724397
102724458
102724465
102724481
102724482
102724485
102724523
102724532
102724539
102724542
102724560
102724612
102724624
102724627
102724652
102724699
102724701
102724720
102724774
102724775
102724804
102724810
102724843
102724855
102724858
102724904
102724940
102724951
102724954
102725072
102725220
102725238
102725509
10274
10280
102800316
10283
10286
10298
103
10301
103021165
103091866
1031
10312
103171574
10320
10322
10327
10328
103344928
10335
10336
103456507
103504731
103504733
10370
103724388
103752589
103908604
103908605
10392
10395
10399
10400
10411
104169671
10425
10428
104310353
104355135
104355147
104355287
104355297
10440
10444
10452
10456
10458
1046
10460
10461
10463
10465
10466
10473
10477
1048
10485
10487
10492
10497
10498
10499
105
10512
10514
10516
105180390
105180391
10521
10522
105221694
10525
10526
10527
10529
10534
10535
105369146
105369154
105369168
105369171
105369177
105369183
105369266
105369317
105369340
105369346
105369362
105369370
105369376
105369428
105369440
105369451
105369452
105369464
105369484
105369512
105369515
105369536
105369559
105369574
105369584
105369588
105369595
105369631
105369635
105369663
105369667
105369685
105369692
105369723
105369739
105369743
105369746
105369758
105369759
105369760
105369779
105369787
105369792
105369838
105369842
105369874
105369879
105369890
105369908
105369921
105369942
105369949
105370003
105370027
105370047
105370063
105370084
105370086
105370101
105370103
105370109
105370122
105370124
105370135
105370174
105370187
105370198
105370214
105370218
105370219
105370223
105370224
105370231
105370275
105370310
105370315
105370349
105370384
105370399
105370438
105370449
105370450
105370467
105370470
105370471
105370497
105370500
105370502
105370507
105370528
105370531
105370581
105370591
105370598
105370600
105370625
105370688
105370689
105370698
105370733
105370784
105370792
105370822
105370829
105370833
105370844
105370868
105370913
105370928
105371010
105371024
105371027
105371062
105371067
105371090
105371099
105371105
105371152
105371159
105371175
105371206
105371216
105371222
105371240
105371271
105371278
105371288
105371301
105371309
105371325
105371328
105371357
105371362
105371368
105371423
105371430
105371543
105371562
105371574
105371618
105371622
105371644
105371661
105371665
105371673
105371689
105371708
105371710
105371716
105371757
105371763
105371773
105371785
105371795
105371812
105371814
105371853
105371855
105371899
105371922
105371927
105371953
105371967
105371972
105371984
105371986
105372028
105372077
105372085
105372185
105372189
105372232
105372345
105372352
105372371
105372385
105372399
105372421
105372436
105372457
105372476
105372482
105372532
105372571
105372577
105372614
105372616
105372621
105372624
105372647
105372651
105372652
105372661
105372663
105372676
105372683
105372685
105372694
105372699
105372703
105372705
105372708
105372712
105372727
105372734
105372751
105372766
105372789
105372790
105372791
105372836
105372876
105372911
105372924
105372925
105372956
105372988
105373085
105373105
105373131
105373165
105373180
105373186
105373212
105373220
105373286
105373297
105373320
105373324
105373346
105373349
105373354
105373386
105373401
105373406
105373408
105373409
105373411
105373414
105373418
105373454
105373465
105373466
105373480
105373484
105373537
105373538
105373549
105373551
105373582
105373584
105373610
105373611
105373612
105373614
105373616
105373628
105373629
105373633
105373639
105373652
105373667
105373693
105373696
105373708
105373746
105373759
105373760
105373768
105373777
105373818
105373824
105373831
105373836
105373871
105373886
105373888
105373893
105373933
105373934
105373942
105373951
105373953
105373968
105374036
105374096
105374102
105374124
105374126
105374132
105374245
105374248
105374251
105374253
105374308
105374318
105374346
105374352
105374378
105374389
105374391
105374453
105374464
105374468
105374488
105374506
105374510
105374513
105374552
105374593
105374597
105374602
105374669
105374702
105374716
105374721
105374768
105374807
105374813
105374836
105374845
105374852
105374873
105374889
105374914
105374937
105374978
105374989
105375013
105375035
105375052
105375077
105375113
105375115
105375118
105375132
105375148
105375150
105375167
105375259
105375278
105375313
105375341
105375342
105375345
105375377
105375392
105375414
105375416
105375426
105375434
105375456
105375473
105375530
105375592
105375613
105375688
105375696
105375731
105375746
105375751
105375754
105375759
105375881
105375884
105375912
105375915
105375936
105375937
105375968
105375972
105376005
105376010
105376031
105376039
105376090
105376103
105376116
105376136
105376142
105376158
105376161
105376188
105376214
105376233
105376290
105376291
105376292
105376306
105376351
105376381
105376387
105376394
105376413
105376468
105376491
105376505
105376509
105376528
105376558
105376594
105376596
105376609
105376621
105376639
105376642
105376646
105376654
105376662
105376695
105376722
105376736
105376752
105376781
105376854
105376863
105376876
105376879
105376892
105376975
105376992
105377003
105377009
105377018
105377023
105377063
105377094
105377110
105377124
105377137
105377173
105377188
105377208
105377248
105377254
105377302
105377356
105377369
105377384
105377418
105377423
105377428
105377439
105377441
105377466
105377472
105377512
105377527
105377556
105377563
105377565
105377600
105377606
105377612
105377613
105377614
105377635
105377644
105377667
105377670
105377673
105377690
105377698
105377703
105377705
105377728
105377732
105377742
105377769
105377826
105377877
105377896
105377908
105377918
105377922
105377923
105377946
105377953
105377964
105377979
105377986
105377992
105378024
105378027
105378029
105378035
105378066
105378071
105378075
105378145
105378193
105378238
105378250
105378267
105378350
105378379
105378386
105378410
105378427
105378433
105378467
105378478
105378482
105378485
105378511
105378541
105378568
105378597
105378598
105378604
105378641
105378658
105378699
105378716
105378735
105378736
105378741
105378744
105378782
105378796
105378814
105378828
105378847
105378849
105378872
105378880
105378909
105378947
105378949
105378956
105378976
105378977
105379076
105379109
105379110
105379119
105379150
105379155
105379164
105379180
105379182
105379191
105379193
105379202
105379244
105379252
105379273
105379321
105379332
105379340
105379364
105379369
105379397
105379418
105379428
105379437
105379438
105379443
105379444
105379448
105379452
105379487
105379493
105379514
105379516
105379720
105379772
105379814
1054
10541
10544
105463123
10548
10555
10564
10565
10567
10573
10574
10575
10580
10581
105827617
10587
10589
10599
106029310
10607
10609
10613
10614
106144538
106144541
106144568
10629
1063
10637
10642
10643
10644
10650
10652
10653
10658
106632260
106635683
10664
10672
10675
10678
10681
10682
107105278
107126285
10714
10721
10725
10726
10728
1073
10732
10743
10745
10749
10750
10755
10765
10766
10785
10787
10788
10791
107983974
107983980
107983981
107983993
107983998
107984001
107984016
107984027
107984037
107984117
107984174
107984184
107984185
107984206
107984213
107984222
107984227
107984241
107984249
107984262
107984270
107984283
107984309
107984311
107984345
107984358
107984361
107984362
107984368
107984372
107984374
107984377
107984393
107984402
107984407
107984413
107984414
107984421
107984449
107984469
107984539
107984548
107984552
107984555
107984572
107984619
107984628
107984642
107984696
107984701
107984709
107984788
107984806
107984819
107984875
107984893
107984935
107984979
107984995
107985005
107985015
107985020
107985034
107985057
107985090
107985132
107985173
107985194
107985200
107985203
107985204
107985211
107985213
107985229
107985271
107985291
107985327
107985384
107985386
107985388
107985433
107985434
107985457
107985485
107985508
107985529
107985584
107985634
107985676
107985681
107985705
107985798
107985821
107985840
107985842
107985856
107985869
107985911
107985927
107985940
107985960
107985969
107985985
107986010
107986054
107986057
107986075
107986085
107986095
107986100
107986116
107986136
107986218
107986229
107986252
107986270
107986277
107986313
107986333
107986343
107986402
107986454
107986459
107986474
107986531
107986552
107986573
107986593
107986623
107986676
107986717
107986735
107986739
107986832
107986854
107986920
107986926
107986931
107986942
107986993
107987000
107987001
107987007
107987008
107987009
107987026
107987037
107987059
107987073
107987085
107987099
107987103
107987132
107987166
107987240
107987246
107987272
107987295
108
1080
10800
10801
10804
10806
10807
10809
10810
10814
10838
10844
10847
10848
10855
10858
10861
10867
10873
108783654
10884
10898
10899
109
10913
10915
10922
10928
10935
10938
10939
10940
10945
10946
10949
10952
10954
10960
109616961
109616994
10963
10969
10972
109729162
109729180
109729181
10975
10979
10984
10987
10988
10989
10992
109951030
10998
110006325
110006327
11005
1101
11011
11015
11033
11036
11039
1104
11042
11044
11047
11059
110599588
1106
11062
11064
11065
11069
11077
11079
1108
110806271
110806281
110806283
110806286
110806303
110806308
110841581
11095
11098
11100
111082992
1111
1112
11120
111216282
111216285
11129
11137
11138
11140
11142
11151
11152
11158
1116
11165
11177
11179
11184
11186
11187
11188
11200
11214
11215
11223
11224
11226
112267896
112267899
112267932
112267993
112268044
112268045
112268070
112268076
112268089
112268140
112268165
112268174
112268184
112268198
112268203
112268235
112268239
112268260
112268261
112268269
112268458
11230
11237
1124
11240
11243
11245
112479
112488736
112488738
112488745
112495
11252
11254
112577464
112597
11260
112616
11267
11273
11276
11277
112806053
112903833
112935969
113
1131
113157
113177
113220
113246
113251
11328
11331
11332
11333
11337
11338
1134
11346
113612
113622
113655
1137
113828
113835
113878
1140
114036
114044
114134
114569
114609
114784
114785
114789
114827
114841035
114876
114879
114883
114899
114904
114908
114926
115
115098
115111
115123
115271120
1153
115399
115509
115557
115572
115677
115694671
115708
115749
115752
115801414
115817
115827
115830329
1159
115950
1160
116337
116435278
116435297
116435302
116442
116540
116840
116843
116983
116985
116987
116988
117154
117247
1175
117531
117532
1184
118426
118429
118430
118568806
118568828
118597839
118611
118732304
118813
118827813
118881
119086082
119139906
1195
119545629
1196
119749
1200
120071
120103
120425
120766138
120766140
120766146
120935
120939
121009649
121130
1212
121227
121232368
121256
1213
121340
121391
121512
121536
121551
121665
121838
121847985
121853076
122152330
122152365
122416
122455341
122526779
122618
122769
122786
122945
123
123041
123466213
123706524
123706542
123706548
123811
123872
123956252
124149
124221
124222
1244
124401
124402
124512
124540
124565
124602
124641
124801
124872
124900197
124900199
124900202
124900225
124900226
124900228
124900271
124900275
124900293
124900298
124900303
124900328
124900343
124900344
124900349
124900364
124900379
124900421
124900446
124900457
124900461
124900463
124900519
124900528
124900530
124900531
124900534
124900539
124900584
124900597
124900599
124900651
124900652
124900666
124900670
124900745
124900830
124900838
124900842
124900893
124900931
124900996
124901013
124901040
124901065
124901067
124901084
124901085
124901121
124901123
124901152
124901154
124901156
124901157
124901161
124901165
124901179
124901283
124901308
124901336
124901342
124901467
124901482
124901496
124901527
124901566
124901574
124901580
124901633
124901634
124901661
124901676
124901681
124901705
124901711
124901724
124901750
124901783
124901803
124901809
124901814
124901826
124901860
124901893
124901899
124901946
124901951
124901955
124901958
124901960
124901971
124902009
124902033
124902047
124902073
124902074
124902081
124902158
124902165
124902168
124902171
124902172
124902198
124902208
124902227
124902247
124902268
124902282
124902283
124902288
124902293
124902361
124902382
124902414
124902415
124902438
124902439
124902470
124902492
124902502
124902542
124902549
124902550
124902613
124902622
124902674
124902698
124902706
124902731
124902736
124902738
124902771
124902774
124902792
124902793
124902809
124902824
124902861
124902862
124902864
124902883
124902884
124902929
124902943
124902948
124903007
124903071
124903082
124903085
124903131
124903139
124903142
124903175
124903218
124903221
124903242
124903245
124903255
124903283
124903333
124903335
124903346
124903350
124903356
124903360
124903365
124903388
124903394
124903398
124903402
124903423
124903509
124903519
124903523
124903562
124903635
124903670
124903672
124903708
124903753
124903759
124903766
124903770
124903772
124903808
124903822
124903835
124903858
124903859
124903869
124903880
124903903
124903906
124903917
124903955
124903967
124903989
124903997
124904001
124904014
124904019
124904048
124904058
124904064
124904072
124904076
124904086
124904087
124904098
124904100
124904104
124904117
124904135
124904137
124904138
124904139
124904140
124904141
124904142
124904143
124904144
124904145
124904151
124904159
124904162
124904230
124904246
124904313
124904389
124904391
124904410
124904423
124904438
124904447
124904498
124904510
124904614
124904616
124904621
124904626
124904630
124904720
124904732
124904734
124904769
124904790
124904919
124904924
124904928
124904933
124904948
124904967
124904968
124904986
124904989
124904990
124904991
124904992
124904996
124904997
124905017
124905045
124905049
124905058
124905080
124905081
124905098
124905119
124905122
124905135
124905136
124905139
124905143
124905168
124905177
124905190
124905197
124905204
124905234
124905240
124905242
124905257
124905300
124905953
124905956
124905969
124906022
124906023
124906051
124906053
124906147
124906209
124906289
124906318
124906381
124907724
124907728
124907731
124907732
124907733
124907745
124907824
124907853
124907862
124907869
124907875
124907876
124907878
124907880
124907889
124907976
124907991
124907999
124908002
124908059
124909374
124909376
124909399
124909403
124909426
124909427
124909428
124909432
124909439
124909441
124909491
124909498
124925
124930
124935
124936
124989
124995
125058
125144
125177373
125206
125476
125488
126119
126133
126147
126248
126282
126299
1263
126308
126328
126393
126433
1265
126567
126568844
1266
126626
126789
126792
126859
126961
127062
127138862
127138864
1272
127239154
127281
127396
127602
127733
1280
128071541
128071542
128193289
128193295
128239
128240
128266846
128272
128360
1284
128408
128414
128439
128462377
1285
128637
128667226
128822
128869
1289
128966744
129138
129285
1294
1295
129563
129684
129787
129810501
129868
129881
130013
1301
130162
130271
130355
130399
130406855
130502
130507
130557
130574
130612
1307
130733
130749
1308
130872
130932198
130932201
1310
131034
131096
131405
131474
131669
131675794
131870
131873
132204
132430
132565735
132565736
1329
132949
132954
132989
133015
133308
133396
133418
133491
133522
133619
1337
134
134145
134266
134510
134549
1346
135
135114
135138
135250
135458
135886
1363
1365
136853
1374
137695
137886
1379
137970
138162
1382
138716
138724
138881
139341
139728
139818
140458
140564
140576
140679
140685
140686
140688
140701
140710
140739
140775
140801
140825
140862
140876
1410
1412
143
1432
1434
143425
143458
1436
143689
1437
1438
143884
1441
144108
144193
144195
144348
144404
144486
1445
144501
144535
144577
144715
144766
144817
145195
145258
1453
145389
1454
145447
145482
145694
145837
146167
146183
146198
146540
146691
146705
146712
146713
146754
1468
146822
147
147004
147007
147015
147040
147166
147495
147719
147744
147807
147841
147965
147968
148
148022
148229
148345
148413
148418
148545
148641
148645
148756
148867
148898
148979
149013
149076
149134
1493
149420
149473
149478
1495
1496
149950
149951
149992
1501
150142
150223
150280
1503
150527
150684
150771
150776
150921
150962
151009
151011
151056
151121
151126
151188
151194
151195
151242
151300
151313
151354
151516
151534
152002
152006
152007
152015
152024
152098
152110
152189
1522
152273
1523
152404
152518
1527
152877
153020
153090
153222
153328
153364
1534
153478
153768
153769
1539
154
154092
154215
154449
1548
154865
155060
155368
1556
156
1572
157378
157574
157680
157697
157769
157777
158
158038
158055
158135
158358
158401
158471
158798
159
159195
159989
1600
160313
1605
160518
1607
1608
161159
161176
161424
161497
1616
161742
1620
162239
162387
162427
162515
1627
1628
162989
162993
163
163131
163486
1635
163742
164045
164091
1643
164312
1650
165100
165186
1653
165324
1654
1656
165631
1663
166785
168002
168400
168620
168667
1687
169044
169714
169792
170062
170261
170393
170463
170487
170691
170954
170960
171017
171019
171023
171423
172
1720
1723
1725
1729
1736
1740
1743
1745
1748
1757
1778
1785
1788
1791
1793
1794
1798
1801
1813
1819
1820
1822
1825
1838
1841
1844
1848
1855
1856
1861
1879
1889
1891
1894
1896
1907
1909
191
1915
192217
192683
1933
1954
1955
196374
196403
196410
196527
196792
196872
196913
196993
196996
197003
197131
197322
197358
197407
1975
1978
1983
1984
199699
1997
199745
1999
199953
199990
2001
200197
200205
200261
2004
200539
200576
200734
2009
2010
2011
201134
201161
201163
201243
201283
201292
201305
2014
201475
2015
201501
201562
201595
201625
201633
2017
201853
2020
202052
202181
2027
202915
203068
203111
203238
203245
203274
2033
203328
2034
2036
2042
204219
2043
2048
2050
2052
205564
2059
2065
2066
2067
2069
2077
208
2081
2091
2098
2099
2101
2103
2114
2115
2118
2120
2130
2134
2139
214
2140
2146
2159
2161
2162
217
2172
2175
2176
2181
2182
2192
2193
2194
219402
219409
2196
219621
219654
219670
219681
219731
219743
219833
219844
219927
219931
220
220004
220032
220064
220081
220134
220202
220323
220729
220869
220988
221
221037
221150
221154
221178
221184
2212
221294
2213
221322
221477
221496
2215
221545
221656
2217
221785
221786
2218
221935
221937
221955
222161
222234
222236
222255
2224
222865
223075
223082
224
2241
2246
2248
2256
226
2263
2272
22794
22809
2281
22818
22820
22821
22824
22826
22837
22838
22839
22843
22859
22864
22868
22875
22882
2289
22897
22898
22901
22905
22908
22913
22921
22924
22930
22932
22936
22941
22974
22980
22982
22984
22985
22986
22992
22994
22995
22997
23005
23007
23012
23013
23014
23017
23019
23020
23022
23023
23026
23030
23032
23039
23040
23043
23047
23054
23072
23080
23081
23082
23085
23086
23092
23093
23094
23097
23098
23101
23102
23105
23108
23126
2313
23133
23137
23138
23140
23141
23142
23144
2315
23151
23152
23154
23155
23160
23161
23162
23163
23165
23168
23169
2317
23170
23173
23174
23176
23186
23187
23189
23193
23195
23197
23198
23199
23204
23214
23223
23224
23225
2323
23232
23234
23240
23241
23242
23244
23248
23250
23253
23254
23255
23258
23261
23263
23264
23269
23272
23277
23281
23284
23286
23287
23288
23291
23293
23295
23299
23301
23303
23306
23309
23318
23326
23329
23331
23338
2334
23357
23360
23361
23362
23367
23368
23369
23371
23380
23386
23387
23389
23397
23399
23400
23404
23411
23413
23414
23428
23433
23434
23450
23456
2346
23468
23475
23484
23492
23498
23499
23504
23506
23511
23514
23516
23517
23521
23526
23529
2353
23543
23546
2355
23562
23563
23576
23588
23600
23603
23612
23613
23637
23642
23643
23654
23660
23670
23677
23678
23704
23705
23759
23760
23768
23774
23784
23786
238
24144
24150
245929
246269
246721
2492
2495
25
2512
2516
2519
252955
253152
2534
253461
253512
253582
2537
253714
253724
253827
253832
254050
254102
254158
254173
254251
254268
254552
254827
254863
255082
2551
255104
2556
255631
255758
255783
2559
256006
2561
256126
256364
2565
256643
256880
256987
257019
2571
2572
257203
25766
25769
25771
25782
25791
25797
25804
25814
25816
25821
25828
25829
25832
25841
25865
25870
25875
25876
2588
25885
25886
2590
25903
25906
25912
25915
259236
25937
25948
25953
25963
25970
25972
25987
25998
26003
26005
26007
26009
26010
26013
26018
26019
26027
26031
26033
26037
26047
26053
26057
26058
26063
26065
26074
26080
26086
26090
26092
26093
26094
26095
26097
26099
26115
26119
26128
26133
26135
26137
26147
26150
26151
26154
26156
26160
26164
26168
2618
26224
26227
26230
26251
26262
26278
26281
26287
2629
26298
26355
26468
26469
2648
26502
26504
26509
26517
2652
26520
26524
26526
26528
26574
26580
26609
2665
266655
266722
26683
26696
267002
267010
26750
26765
26768
2679
2681
26811
26816
26824
26828
26851
26869
26959
2696
26986
26993
26994
27
2700
27005
27010
27012
27019
27043
27044
2707
27086
27087
27090
27098
27106
27109
27113
27115
27123
27128
27130
27143
27147
27229
27236
27237
27239
27241
27245
27247
27249
27250
27285
2729
27297
273
2731
27316
27327
2733
27330
27332
27333
27338
27340
27347
27349
27351
27352
2736
2737
274
27429
27430
27434
2744
27440
27445
2745
275
2760
2762
2764
2768
2776
2787
2799
2802
2810
2811
2817
2821
28231
28232
282679
2829
282973
282996
283110
283130
283131
283149
283232
283237
283335
283358
283373
283383
283387
283404
283431
283463
283521
283553
283575
283596
283638
283643
283755
283777
283847
283854
283869
283871
283899
283933
283970
283971
283989
283991
284
284001
284004
284018
284029
284034
284040
284058
284069
284098
284114
284116
284325
284339
284365
284395
284412
284573
284576
284600
284611
284739
284835
284889
284942
284948
285033
285045
285074
285095
285148
285150
285172
285193
285195
2852
285220
285362
285367
2854
285401
285489
285525
285527
285590
285596
285600
285622
285659
285679
285704
285735
285768
285855
285877
2859
285955
285966
285971
285973
286053
286083
286140
286183
286187
286256
286297
286436
286451
286495
286753
286826
287
2870
2872
2874
2876
2879
2886
2887
2888
2895
28955
28957
2896
28960
28964
28966
28973
28983
28987
28988
28989
28998
29
2900
29028
29035
2904
29057
29058
2906
29068
29071
29085
2909
29097
29101
29107
29109
2911
29115
29123
29127
29128
2917
293
2936
2937
2950
2956
2960
2963
2965
2966
2967
2969
2970
2971
2972
2974
29767
29780
29785
29789
29796
29843
29855
29886
29899
2990
29901
29903
29911
29916
29919
29925
29928
29940
29941
2995
29950
29954
29960
2998
29994
30000
30001
30009
30011
3012
302
3021
3028
3040
3054
3064
3068
3069
307
3074
30817
3084
30849
3092
31
3108
3131
3141
3145
3146
3148
3151
3159
316
3162
3163
3172
317671
3177
317781
3182
3183
3187
319
3190
3191
3192
3200
3202
3204
321
3213
3219
3222
3223
3225
323
3237
326342
3265
3268
327
3276
328
3280
3293
3308
331
3312
3315
332
3320
3326
333
3337
333932
334
3356
3382
338436
338440
338442
338657
338692
338707
338811
338864
338949
339168
339184
339201
339229
339230
339487
339568
339768
339778
339789
3398
339822
339894
339906
339942
339967
339988
340037
340061
340069
340073
340260
340273
340277
340385
340481
340526
340544
340554
340595
340706
340895
341418
341676
342096
3421
342898
342977
343
343099
344167
344387
345275
3455
3456
345757
346653
3475
347541
3476
347689
347735
347736
347918
348174
348180
348303
3487
348808
3489
348980
348995
349075
349114
350
3508
351
352954
353142
353189
353267
353322
353324
3566
357
3570
3595
359948
360132
3603
3607
3609
3613
3615
3621
3627
3630
3631
3640
3642
3654
3659
3662
3678
368
3682
3688
369
3692
3693
3704
3705
3709
3710
3714
3718
374286
374395
374407
374443
3745
374666
3748
374868
375
375056
375248
375318
3754
375449
375484
3755
375593
375690
3757
375719
375790
3758
3761
376412
376497
3768
376940
3773
3776
3778
3780
3785
378805
378825
378832
378938
3795
3798
3801
382
3831
3833
3835
3837
3839
3841
3842
3845
3852
3856
386724
387111
387119
387486
3875
387628
387804
387893
388
388115
388284
388324
388336
388341
388364
388564
388569
388650
388667
388685
388692
388759
388830
388942
388948
388951
388960
389058
389084
389170
3892
389337
389362
3895
389524
389541
389652
389766
389791
389840
3899
389941
390063
390155
390197
390226
390231
390535
390792
3908
3909
390956
390992
3916
391722
391746
391747
392
392636
3927
393
3936
3939
3953
3955
3959
396
3984
3987
3995
3996
399716
399746
399827
399844
399876
399900
399947
399959
399979
4000
400043
4001
400128
400322
4004
400451
400499
400533
400548
400555
400612
400618
400629
400710
400728
400752
400794
4008
400818
400839
400867
400945
400952
400954
400960
401014
401074
401145
401164
401172
401207
401247
401296
401303
401357
401428
401472
4015
401509
401548
401554
4016
4018
401934
402160
402317
402483
402569
4026
402665
402682
4036
4037
4040
404093
4041
4043
404744
4052
4053
4055
406937
406944
406968
406969
4072
408
408186
4082
4084
4088
4089
4097
411
4128
4134
4135
414060
414157
4142
414763
414918
414926
4150
415116
4158
416
4162
4171
4172
4176
4191
4209
421
4212
4217
4233
4238
4245
425054
4253
4258
4267
4282
4288
4294
4299
430
4335
4338
434
435
4350
4351
439931
440040
440051
440081
440101
440153
440193
440224
440248
440300
440313
440345
440350
440353
440354
440390
440584
440585
440689
440704
440738
440888
440894
440900
440910
440944
440957
440970
441058
441194
441204
441242
441251
441263
441272
441273
441295
441307
441308
441478
441501
441525
441581
441687
441728
441908
442497
442523
442578
442582
4439
444882
445571
4478
4485
4486
4487
4488
448831
449520
4507
4515
4521
4528
4534
4552
4582
4585
4593
4599
4602
4605
4609
4616
4627
463
4641
4642
4643
4644
4646
4647
4651
4660
4665
4666
467
4670
4671
4675
4676
468
4691
4693
4701
4703
4707
471
4711
4716
4720
4722
4725
4728
4729
473
4733
4734
474170
474383
474384
4752
4753
4756
4773
4774
4775
478
4782
4784
4799
4810
4811
4815
4831
4833
4841
4849
4852
4855
4860
4862
4864
4869
487
488
4882
4884
4891
4897
490
4901
4904
4905
4919
4923
4925
493
4931
493754
493860
494115
4943
494514
4948
497190
497258
4983
4985
49855
49856
49861
4987
4992
4995
4999
501
5013
5019
5020
5026
5033
5034
503614
503645
5045
5046
50488
5050
50508
5051
50515
5052
5054
5058
506
50614
50615
50617
50618
5062
50632
50649
50650
5068
50807
50813
50854
50859
50861
50863
5091
50940
50945
5097
51001
51002
51008
51010
51018
51021
51025
51029
51031
51035
51043
5105
51059
51060
51062
51067
51071
51072
51073
51076
51084
51087
51102
51105
51108
5111
51112
51128
51143
51150
51154
51160
51164
51170
51171
51174
51177
51184
51195
51199
51201
51202
51205
51230
51234
51244
5125
51251
51252
51260
51267
51271
51275
51277
51278
51280
51282
51289
5130
51312
51316
51319
51321
51322
51324
51330
51341
51347
51362
51363
5137
51371
5138
51386
51397
514
51409
51422
51426
5143
51438
5144
51441
51463
51466
51479
51481
51490
51495
51496
51504
51506
51517
51523
51531
51537
5154
51545
51561
51562
51571
51586
51588
51593
51596
51602
51608
51622
51631
51642
51643
51649
5165
51654
51663
51666
51669
51692
51693
517
5170
51700
51727
51734
51742
5175
51752
51754
5176
51761
51773
51804
51806
5187
5188
5192
5193
5195
5198
5202
5203
5205
5209
5213
522
5223
523
5236
5241
5245
525
5251
5252
5253
5257
526
5272
5274
5286
5287
5293
5297
5303
5305
5306
5307
5315
5316
5317
5318
5329
5332
53335
53353
5338
5339
53405
5342
5343
5345
5347
535
5358
53615
53616
5368
5380
5383
53831
53838
5393
53942
53947
5395
5396
53981
54020
54036
54039
54059
54090
5412
541471
541565
54212
54221
5424
5425
5430
5431
5435
5437
5439
5441
54440
54441
54453
54454
54457
5447
54475
54477
54478
54492
54496
54497
54502
54509
54510
54517
5452
54531
54536
5454
54556
54557
5456
54566
54584
54587
54620
5464
54663
54664
5467
547
54704
5471
54726
54729
54732
5475
54756
54758
54762
54763
54765
54769
54778
54784
54788
54795
54796
54797
54807
54814
54815
54819
54820
54822
54825
54826
54832
54839
54842
54843
54858
54859
548596
54862
54863
54865
54870
54872
54878
54879
54880
54886
54890
54894
54896
54897
54901
54903
54904
54906
54910
54919
54922
54929
5493
54932
54938
54939
54947
54954
54960
54962
54963
54964
54970
54973
54978
54985
5499
54991
54998
55004
55007
55009
550112
550113
55022
55024
55030
55037
55038
5504
55041
55048
55049
55052
55054
55057
55061
55063
55065
55068
55074
55075
55080
55083
55090
55100
55101
55105
55107
55112
55116
55117
55118
55119
55125
55127
55130
55139
55146
55154
55160
55165
55167
55168
55171
55173
5518
55182
55183
55187
55192
55193
55195
55199
552
55200
5521
55213
55215
55217
5522
55238
55244
55245
55247
55251
55254
55258
55260
55269
5527
55272
55275
55287
55293
55297
55298
55311
55316
55317
55319
55324
55325
5533
55330
55331
55335
55343
55344
55349
55353
55355
55364
55367
55370
55379
55388
554202
554225
554226
55425
554313
55449
5546
55486
55501
5551
55512
55515
5552
55521
55527
55532
55534
55556
55559
55567
5557
55582
55596
55608
55609
55616
55617
5562
55620
55621
55625
55627
55629
55635
55638
55646
55650
55651
55652
55653
55658
55661
55662
55666
55667
5567
55672
55676
55686
55689
55690
55691
55697
5570
55702
55703
55718
55720
55721
55722
55726
55727
55731
55735
55740
55743
55744
55748
55749
5575
55751
55756
55765
55775
55779
5578
55785
55787
55789
5579
55793
55795
55799
5580
55802
55805
5581
55816
55818
55819
55821
55824
55827
55829
5583
55832
55833
55835
5584
55843
55844
55846
55850
55852
55857
55861
55869
55871
55884
55889
55890
55891
55893
55898
5590
55902
5591
55915
5595
55959
55967
55974
56006
5604
5606
56062
56098
5610
5612
56155
56157
56180
56241
56262
5627
56301
5631
5646
56478
56479
56603
56623
5664
56649
56655
56662
56675
56681
56731
56776
5680
5681
56834
5686
5687
56886
56888
56889
56894
56896
56897
5690
56901
56907
56911
56915
56926
56928
5693
56931
56935
56937
56945
56953
56975
56977
56980
56981
56984
56995
56997
56998
5700
57017
5702
57038
57048
57060
57062
57092
57096
57101
57102
57104
57105
57106
57107
57113
57115
57122
57127
57140
57142
57143
5715
57158
57172
57178
57180
57182
57205
57217
57224
57228
5723
57234
5725
573
5731
57332
57337
57348
57402
57404
574042
57406
57407
57409
57410
57414
574414
57446
57448
5745
574504
57451
57452
57455
57466
57469
5747
57472
57475
57479
57480
57481
57482
57484
57486
57488
57491
57498
575
57504
57507
57512
57519
57521
57526
57532
57533
57537
57539
5754
57540
57541
57554
57558
57568
5757
57578
57580
57584
57587
57596
57597
57602
57605
57619
57621
57623
57628
5763
57634
57643
57648
57654
57664
57669
57678
5768
57685
57689
57691
57698
5770
57705
57706
57707
57716
57720
57727
57728
57730
57758
57761
5777
57799
57804
57828
5786
5791
5794
5795
5796
580
5801
581
5813
5814
5819
58190
5820
5827
5829
583
58473
58486
58503
58506
58508
58515
58517
58533
5861
5865
587
5876
5877
5879
5883
5886
5887
5890
58985
5901
5906
59067
5908
5910
5916
5921
5923
5924
5925
59269
59271
59274
593
5931
5933
59352
5936
5939
595
5954
5959
596
5961
5967
5973
598
5980
5983
599
5998
60
6000
6001
6004
6023
60312
60343
60412
6046
60490
60495
605
6050
60559
6066
60673
60674
60676
60678
60681
60686
6090
6092
6093
6097
6118
6124
6125
6129
6130
6134
6135
6136
6137
6141
6142
6143
6147
6150
6152
6154
6157
6159
6161
6164
6165
6169
6171
6176
6184
6187
619207
6194
619455
6201
6205
6206
6208
6217
622
6222
6223
6227
6228
6229
6230
6232
6239
6240
6241
6242
6249
6253
6258
6262
6263
6273
6275
6276
6282
6289
6294
6301
63035
6309
6310
6322
6327
6334
6335
6338
6339
6341
6342
636
6373
638
63827
63874
63876
6388
6389
63892
6390
63916
63925
63934
63939
63947
6397
63974
6398
6405
64062
64072
64073
64087
64090
64094
64109
64114
64115
64118
64123
641298
64130
641371
641384
64145
64146
64149
641518
64167
641702
641776
6418
6421
64215
64220
64222
64236
642426
642475
642559
6426
642643
642648
6427
64283
64285
6429
6431
64319
6432
64324
64327
64328
6433
643339
6434
64342
64359
643714
64374
64375
643827
643862
64388
643909
64398
64400
644019
64412
64418
64421
64423
64429
644316
64432
6444
644619
644669
644717
644815
644873
644903
64493
644994
645104
645121
645158
645166
645212
645332
645367
6455
645520
6457
645745
646000
646066
646096
6461
646103
6464
64645
646588
646625
646643
646743
6468
646813
64682
646982
647024
64710
647107
647121
647135
647174
6472
6473
647310
6474
64746
647476
64754
647589
64759
64763
64766
64771
64777
64778
64781
64782
64788
64795
647979
64799
64816
6482
6483
6484
64849
64855
6487
6489
64900
649179
64968
6497
64978
64979
6500
650226
650368
65061
65065
650669
65082
65084
65094
65095
6510
65109
65117
6515
6520
65217
652276
65244
6525
65260
65263
65265
653080
653121
653162
653188
653192
6532
653238
653316
653333
653361
653489
653513
653583
653635
653643
653786
653857
6541
654321
654342
654412
654466
654499
654816
654817
654835
6549
6569
6573
6574
6580
6583
6585
659
6595
65975
65979
6598
65980
6599
65998
66005
6602
6607
6613
6615
6628
663
6631
6640
6641
665
6652
6654
6655
6660
6665
6667
6670
6671
6695
6710
6712
6720
6721
673
6730
6732
6733
6749
6755
6764
6769
677
6772
6773
6774
677681
677766
677778
677784
6778
677815
677842
6786
6788
6792
6793
6794
6812
6814
6817
682
6822
6829
6838
6839
6844
6845
6850
6853
686
6865
6878
6879
688
6884
6903
6904
6908
6913
6917
6919
692094
6923
6924
6926
6929
693131
693167
693180
693187
6932
693202
693219
6938
6940
6942
6944
6945
6949
6999
7003
7008
7012
7013
7014
7015
7018
7022
7023
7027
7029
7036
7037
7039
7040
7049
7050
7052
706
7064
7068
7073
7077
7086
7089
7108
7127
7132
7138
715
7150
7151
7157
7158
7159
716
7161
7163
7167
717
7171
7179
7182
7189
7205
726
7260
7265
7266
7267
7277
727758
727856
727857
727866
727905
727936
727944
727982
728034
728066
728233
728262
728290
728294
728323
728340
728369
728377
728379
728386
728392
728419
728448
728458
728492
728498
728524
728568
728577
728609
728642
728656
728661
728689
728734
728741
728743
728763
728798
728833
728888
7289
728911
728978
7290
729233
729240
729246
729250
729305
729438
729461
729515
729533
729540
729597
729756
729759
729815
729830
729857
729950
729970
729987
729991
730013
730092
7301
730112
730227
730668
7307
7311
731223
731275
7314
7316
7317
7322
732265
7324
7326
7328
7332
7335
7336
7343
7357
7371
7372
7374
7375
7390
7398
7402
7408
741
7415
7416
7417
7421
7425
7428
7434
7436
7442
7443
7455
7456
7461
7466
7468
7485
7511
7514
7517
7520
7531
7533
7534
7535
754
755
7551
7555
7566
7579
7586
7589
759
7593
7629
763
767846
768216
7690
7692
770
7702
7707
7739
7748
775
7750
776
7763
7764
777
7771
7776
7781
7784
7786
7789
779
7804
780851
780852
780853
780854
781
7813
7841
7849
7852
786
7866
7867
7871
7873
7879
788
78989
78994
78996
790
79023
79026
79033
79036
79039
79047
79053
79058
79066
79075
79098
79101
79109
79132
79134
79137
79142
79153
79169
7918
79183
79370
79412
79574
79582
79583
79587
79590
79591
79595
79607
79608
79616
79637
79640
79644
79651
79652
79657
79658
79670
79671
79676
79677
79682
79685
79693
79696
79699
79703
79707
79711
79718
79729
7975
79750
79758
79770
79772
79777
79789
79791
79798
79802
79812
79813
79814
79817
79823
79828
79830
79834
79836
79852
79868
79877
79886
79890
79893
79917
79922
79925
79932
79934
79937
79954
79956
79977
79979
79987
79990
79991
79999
80003
80004
80005
80014
80017
80018
80019
80020
80028
80036
80045
80055
801
80115
80119
80125
80129
80146
80150
80153
80164
80174
80194
80198
80201
80205
80208
8021
80216
80223
80224
80228
80230
80232
80258
80271
80301
80305
80307
8031
80318
80329
80336
80343
80344
80346
80347
8050
8061
80714
80724
80728
80757
80777
80789
8079
80790
80817
80820
80835
80852
8086
8089
80895
80896
81
81037
81099
811
8111
8128
8131
81392
81399
814
81490
81492
81494
81539
81544
81550
81552
81554
81556
81570
81573
81575
81577
81605
81610
81615
81617
81619
81621
81622
81628
81671
81704
8174
8175
8178
81786
81846
81848
81855
81887
819
8193
8202
8209
821
8216
8224
8239
824
8242
8243
8263
8269
8270
8273
8289
829
8293
830
8301
8303
8313
8314
8323
8324
8329
833
8331
83394
83463
83473
83478
83479
8348
83482
83540
83547
83548
8356
8359
83597
83605
8363
83637
83638
83641
83693
83699
8370
83716
83741
83743
83744
83787
8379
83849
83854
83855
83858
83860
8387
83871
83874
83886
83891
83894
839
83932
83938
8395
8396
8398
83985
83986
83988
83999
84000
84002
84056
84059
84069
8407
84070
84071
84079
8408
84083
84101
84102
84106
8411
8412
84126
84132
84133
84153
84154
84159
84163
84164
84176
84191
84210
84215
84220
84224
84226
84231
84249
8425
84254
84255
84256
84260
84262
84263
84270
84288
84289
84293
84295
84300
84303
84305
84310
84315
84317
84318
84321
84324
8438
84432
84433
84443
84445
84451
84455
84461
8447
84498
8452
84532
84542
8455
84552
8456
84569
8460
84612
84617
84627
84629
84630
84632
8464
84640
84649
84661
84675
84679
84688
84695
84705
84722
84726
8473
84749
84750
84759
84771
84777
84790
84791
84808
84818
84820
84823
84842
84844
84859
84876
84878
84883
84886
84888
84889
84895
84896
84904
84905
84909
8491
84910
84916
8493
84936
84937
8495
84951
84954
84957
84958
84959
8496
84961
84969
84976
84978
84981
84996
85007
8501
85019
8505
8507
8514
8517
8519
8520
8522
8525
8527
8530
85319
85407
85409
8541
8544
85440
8545
85452
8546
85461
85464
85479
8553
8555
8556
8565
8566
8567
8568
8570
8572
8573
860
8603
8607
8609
861
8612
8614
8618
8622
8624
8631
8635
864
8643
8647
8649
865
8658
8661
8662
8663
8676
8685
8692
8694
8697
87
8703
8704
8706
871
8714
8720
8721
8725
8744
8763
8766
8767
8771
8772
8777
8787
8794
88
8814
8815
8816
8817
8820
8821
8828
8829
8833
8835
8837
8842
8847
885
8853
8861
8862
8864
8871
8878
8880
8884
889
8891
8892
8893
8897
8898
8900
8904
8908
8912
8914
8916
8924
8932
8933
8945
896
89797
89801
89839
89849
8985
89853
8986
89887
89891
89927
8994
8996
8997
900
9014
9019
90196
90199
9020
90204
90231
9024
90249
9025
90271
9031
90324
90381
9045
905
90525
9055
90550
90627
90693
90736
9079
90861
9088
9092
90987
91
9101
91010
91012
9107
91107
9112
91120
9113
91156
91181
9119
9121
9122
9123
91252
9126
9129
91304
9131
91316
9133
9135
91368
91369
91370
9138
91461
9148
9149
9150
9152
91526
9154
91582
916
91607
91614
91646
91647
91653
9167
9168
91703
9173
91748
91754
91828
9184
9188
9191
92
920
9201
92017
9202
9205
92105
9212
9213
92170
92196
9221
92241
9227
92270
9231
92345
9238
9241
9246
9249
92521
9253
92595
92609
9261
9265
9267
92703
92715
92745
9278
928
9284
92912
93035
93082
9313
9319
9320
933
93343
9337
9342
93463
93589
93643
93654
9366
93664
9371
9375
9381
9382
939
9392
93953
9404
9406
94081
94097
94104
9412
9416
9420
943
9441
9446
9448
9455
9456
9457
9473
9482
9489
949
9497
9498
9501
9513
9522
9535
9543
9547
955
9559
9567
9569
957
9572
9580
9584
9592
9600
9601
9607
9610
9611
9615
9616
9618
9628
9630
9645
9646
9649
9650
9659
96626
9672
9673
9677
9679
9684
9685
9687
9688
9690
9695
9700
9701
9703
9710
9717
9726
9730
9732
9734
9739
9741
9751
9755
9757
9758
9759
9772
9774
9778
9779
9782
9784
9794
9802
9812
9814
9815
9817
9819
9828
9837
9843
9854
9855
9857
9860
9863
9866
9867
987
9873
9879
9883
9885
9887
9892
9895
9901
9905
9906
9907
991
9910
9911
9912
9914
9917
9922
9925
9928
9929
993
9939
994
9945
9953
9960
9965
9967
9969
9973
9989
9997
